1 1
2 1
3 1
4 1
5 1
6 1
7 1
8 1
9 1
10 1
11 1
12 1
13 1
14 1
15 1
16 2
17 2
18 2
19 2
20 2
21 2
22 3
23 3
24 3
25 4
26 4
27 4
28 5
29 5
30 5
31 5
32 5
33 5
34 5
35 6
36 6
37 6
38 6
39 6
40 6
41 6
42 7
43 7
44 7
45 7
46 7
47 7
48 7
49 7
50 7
51 7
52 7
53 8
54 9
55 10
56 10
57 10
58 10
59 10
60 10
61 10
62 10
63 10
64 10
65 10
66 10
67 10
68 11
69 11
70 11
71 11
72 11
73 11
74 11
75 11
76 11
77 11
78 12
79 12
80 12
81 13
82 14
83 15
84 15
85 15
86 15
87 15
88 15
89 15
90 15
91 15
92 15
93 15
94 15
95 15
96 15
97 15
98 15
99 15
100 15
101 15
102 15
103 15
104 15
105 15
106 15
107 15
108 15
109 15
110 15
111 15
112 15
113 15
114 15
115 15
116 15
117 15
118 15
119 15
120 15
121 15
122 15
123 15
124 15
125 16
126 16
127 16
128 16
129 16
130 16
131 17
132 17
133 17
134 18
135 19
136 19
137 19
138 19
139 20
140 20
141 20
142 20
143 20
144 20
145 20
146 20
147 20
148 20
149 20
150 20
151 20
152 20
153 20
154 20
155 20
156 20
157 20
158 20
159 21
160 21
161 22
162 22
163 22
164 22
165 22
166 22
167 22
168 22
169 22
170 22
171 22
172 23
173 23
174 23
175 23
176 24
177 25
178 25
179 25
180 25
181 25
182 25
183 25
184 25
185 25
186 25
187 25
188 25
189 25
190 26
191 26
192 26
193 26
194 26
195 26
196 26
197 26
198 26
199 26
200 27
201 27
202 27
203 27
204 27
205 27
206 27
207 27
208 27
209 27
210 27
211 27
212 27
213 27
214 27
215 27
216 27
217 27
218 27
219 27
220 27
221 27
222 27
223 27
224 27
225 27
226 27
227 27
228 27
229 27
230 27
231 27
232 27
233 27
234 27
235 27
236 27
237 27
238 27
239 27
240 27
241 28
242 28
243 28
244 28
245 28
246 28
247 28
248 29
249 29
250 29
251 29
252 29
253 29
254 29
255 29
256 29
257 29
258 29
259 29
260 29
261 29
262 29
263 29
264 30
265 30
266 30
267 30
268 30
269 30
270 31
271 31
272 31
273 31
274 31
275 31
276 31
277 31
278 31
279 31
280 31
281 31
282 31
283 31
284 31
285 32
286 32
287 32
288 32
289 32
290 32
291 32
292 32
293 32
294 32
295 32
296 32
297 32
298 32
299 32
300 32
301 32
302 32
303 32
304 32
305 32
306 33
307 33
308 33
309 34
310 34
311 34
312 34
313 34
314 35
315 35
316 36
317 36
318 36
319 36
320 36
321 37
322 37
323 37
324 37
325 37
326 37
327 38
328 38
329 38
330 38
331 38
332 38
333 38
334 39
335 39
336 39
337 39
338 39
339 39
340 39
341 39
342 39
343 39
344 39
345 39
346 39
347 39
348 40
349 40
350 41
351 41
352 42
353 42
354 42
355 42
356 42
357 42
358 42
359 43
360 44
361 44
362 44
363 44
364 44
365 44
366 44
367 44
368 44
369 44
370 44
371 44
372 44
373 44
374 44
375 44
376 44
377 45
378 45
379 46
380 46
381 47
382 47
383 47
384 47
385 47
386 47
387 47
388 47
389 47
390 47
391 47
392 47
393 47
394 47
395 48
396 48
397 48
398 49
399 49
400 50
401 50
402 50
403 50
404 50
405 50
406 50
407 50
408 51
409 51
410 52
411 52
412 52
413 52
414 52
415 52
416 52
417 52
418 53
419 53
420 53
421 54
422 54
423 54
424 54
425 54
426 54
427 54
428 54
429 55
430 55
431 55
432 55
433 55
434 55
435 55
436 55
437 55
438 55
439 55
440 56
441 56
442 56
443 56
444 57
445 57
446 57
447 57
448 57
449 57
450 57
451 57
452 57
453 57
454 58
455 58
456 58
457 58
458 58
459 58
460 58
461 58
462 59
463 59
464 59
465 59
466 59
467 59
468 59
469 59
470 59
471 59
472 59
473 59
474 59
475 59
476 59
477 60
478 60
479 60
480 61
481 61
482 61
483 62
484 62
485 62
486 62
487 62
488 62
489 62
490 62
491 62
492 62
493 62
494 62
495 62
496 63
497 63
498 63
499 63
500 63
501 63
502 63
503 64
504 64
505 64
506 64
507 65
508 65
509 65
510 65
511 65
512 65
513 65
514 65
515 66
516 66
517 67
518 67
519 67
520 67
521 67
522 67
523 67
524 68
525 68
526 68
527 68
528 69
529 69
530 69
531 70
532 70
533 70
534 70
535 70
536 70
537 70
538 70
539 70
540 70
541 71
542 71
543 72
544 73
545 74
546 75
547 75
548 75
549 75
550 75
551 75
552 75
553 76
554 76
555 76
556 76
557 76
558 76
559 76
560 76
561 76
562 76
563 76
564 76
565 76
566 77
567 77
568 78
569 79
570 79
571 79
572 79
573 79
574 79
575 79
576 79
577 79
578 79
579 79
580 79
581 79
582 79
583 79
584 79
585 79
586 79
587 80
588 80
589 80
590 80
591 80
592 80
593 80
594 80
595 80
596 80
597 80
598 80
599 80
600 80
601 80
602 80
603 81
604 81
605 81
606 81
607 81
608 81
609 81
610 81
611 81
612 81
613 81
614 81
615 81
616 81
617 81
618 81
619 82
620 82
621 82
622 82
623 83
624 83
625 83
626 84
627 85
628 86
629 86
630 86
631 86
632 86
633 87
634 88
635 88
636 88
637 88
638 88
639 89
640 89
641 90
642 90
643 90
644 90
645 90
646 90
647 90
648 90
649 90
650 90
651 91
652 91
653 91
654 91
655 92
656 92
657 92
658 92
659 92
660 92
661 92
662 93
663 94
664 94
665 94
666 94
667 94
668 94
669 94
670 94
671 94
672 94
673 94
674 95
675 95
676 95
677 96
678 96
679 96
680 96
681 96
682 96
683 96
684 96
685 96
686 96
687 96
688 96
689 96
690 97
691 97
692 97
693 97
694 97
695 97
696 97
697 97
698 97
699 98
700 98
701 98
702 98
703 98
704 99
705 99
706 99
707 99
708 99
709 99
710 99
711 99
712 99
713 99
714 99
715 99
716 99
717 99
718 99
719 99
720 99
721 99
722 100
723 100
724 100
725 101
726 101
727 101
728 101
729 101
730 101
731 101
732 101
733 101
734 101
735 101
736 101
737 101
738 101
739 101
740 101
741 101
742 102
743 102
744 102
745 102
746 102
747 102
748 102
749 102
750 102
751 102
752 102
753 102
754 102
755 102
756 102
757 103
758 103
759 104
760 104
761 104
762 104
763 104
764 105
765 105
766 106
767 106
768 106
769 106
770 106
771 107
772 107
773 107
774 107
775 107
776 107
777 108
778 109
779 109
780 109
781 110
782 111
783 111
784 111
785 111
786 111
787 111
788 111
789 111
790 111
791 111
792 112
793 112
794 113
795 113
796 113
797 114
798 114
799 114
800 114
801 114
802 114
803 115
804 115
805 115
806 116
807 116
808 116
809 116
810 116
811 116
812 116
813 116
814 116
815 117
816 117
817 117
818 117
819 118
820 118
821 118
822 118
823 118
824 118
825 118
826 118
827 118
828 118
829 118
830 118
831 118
832 119
833 119
834 120
835 120
836 120
837 121
838 121
839 121
840 121
841 121
842 121
843 121
844 121
845 121
846 121
847 121
848 121
849 121
850 121
851 121
852 121
853 121
854 121
855 121
856 121
857 121
858 122
859 123
860 123
861 123
862 123
863 124
864 124
865 125
866 125
867 125
868 125
869 125
870 125
871 126
872 126
873 126
874 126
875 126
876 126
877 126
878 127
879 127
880 127
881 127
882 127
883 128
884 128
885 128
886 128
887 128
888 129
889 129
890 130
891 130
892 130
893 130
894 131
895 131
896 131
897 131
898 131
899 131
900 131
901 132
902 132
903 132
904 133
905 133
906 133
907 134
908 134
909 134
910 134
911 135
912 135
913 135
914 135
915 135
916 135
917 135
918 135
919 135
920 135
921 135
922 136
923 136
924 137
925 137
926 138
927 138
928 138
929 138
930 138
931 138
932 138
933 138
934 138
935 138
936 138
937 138
938 138
939 138
940 138
941 139
942 139
943 139
944 139
945 140
946 141
947 141
948 141
949 141
950 141
951 141
952 141
953 141
954 141
955 141
956 141
957 141
958 141
959 142
960 142
961 143
962 143
963 144
964 144
965 145
966 145
967 145
968 145
969 145
970 145
971 146
972 146
973 146
974 146
975 146
976 146
977 147
978 147
979 147
980 147
981 147
982 148
983 148
984 148
985 148
986 148
987 148
988 148
989 148
990 148
991 148
992 148
993 148
994 148
995 148
996 148
997 148
998 148
999 148
1000 148
1001 148
1002 148
1003 148
1004 148
1005 148
1006 148
1007 148
1008 148
1009 148
1010 148
1011 148
1012 149
1013 150
1014 150
1015 150
1016 150
1017 150
1018 150
1019 150
1020 150
1021 150
1022 150
1023 150
1024 150
1025 150
1026 150
1027 150
1028 150
1029 150
1030 150
1031 150
1032 150
1033 150
1034 150
1035 150
1036 151
1037 152
1038 152
1039 152
1040 153
1041 153
1042 153
1043 154
1044 155
1045 155
1046 155
1047 156
1048 157
1049 157
1050 157
1051 157
1052 158
1053 158
1054 159
1055 160
1056 160
1057 160
1058 161
1059 161
1060 161
1061 161
1062 162
1063 162
1064 163
1065 163
1066 163
1067 163
1068 163
1069 163
1070 163
1071 164
1072 164
1073 165
1074 165
1075 165
1076 166
1077 166
1078 166
1079 167
1080 167
1081 168
1082 169
1083 170
1084 170
1085 170
1086 170
1087 170
1088 171
1089 171
1090 171
1091 171
1092 171
1093 172
1094 173
1095 173
1096 173
1097 173
1098 173
1099 173
1100 174
1101 175
1102 175
1103 176
1104 176
1105 176
1106 176
1107 176
1108 176
1109 176
1110 176
1111 176
1112 176
1113 176
1114 177
1115 177
1116 177
1117 178
1118 179
1119 179
1120 179
1121 179
1122 179
1123 179
1124 180
1125 181
1126 181
1127 181
1128 181
1129 182
1130 182
1131 183
1132 184
1133 184
1134 185
1135 185
1136 186
1137 186
1138 187
1139 187
1140 187
1141 188
1142 189
1143 189
1144 190
1145 190
1146 190
1147 191
1148 191
1149 191
1150 191
1151 191
1152 191
1153 192
1154 192
1155 192
1156 192
1157 192
1158 192
1159 193
1160 193
1161 193
1162 193
1163 193
1164 193
1165 193
1166 193
1167 193
1168 193
1169 194
1170 195
1171 195
1172 195
1173 195
1174 195
1175 195
1176 195
1177 195
1178 196
1179 197
1180 197
1181 198
1182 198
1183 198
1184 198
1185 199
1186 199
1187 200
1188 201
1189 202
1190 202
1191 202
1192 203
1193 203
1194 203
1195 204
1196 204
1197 204
1198 204
1199 204
1200 204
1201 204
1202 204
1203 205
1204 205
1205 205
1206 205
1207 206
1208 206
1209 207
1210 208
1211 208
1212 208
1213 209
1214 210
1215 210
1216 211
1217 211
1218 211
1219 212
1220 212
1221 212
1222 212
1223 212
1224 213
1225 214
1226 214
1227 214
1228 214
1229 214
1230 214
1231 214
1232 214
1233 214
1234 214
1235 214
1236 214
1237 215
1238 216
1239 217
1240 218
1241 219
1242 219
1243 219
1244 219
1245 220
1246 220
1247 220
1248 221
1249 222
1250 222
1251 222
1252 222
1253 222
1254 222
1255 223
1256 223
1257 223
1258 223
1259 223
1260 224
1261 225
1262 225
1263 226
1264 227
1265 227
1266 228
1267 228
1268 228
1269 228
1270 228
1271 228
1272 228
1273 228
1274 228
1275 228
1276 228
1277 228
1278 228
1279 228
1280 228
1281 228
1282 228
1283 228
1284 228
1285 229
1286 229
1287 229
1288 229
1289 229
1290 229
1291 229
1292 229
1293 229
1294 229
1295 229
1296 229
1297 229
1298 229
1299 229
1300 229
1301 230
1302 231
1303 231
1304 231
1305 231
1306 231
1307 231
1308 231
1309 231
1310 231
1311 231
1312 231
1313 231
1314 231
1315 231
1316 231
1317 231
1318 231
1319 231
1320 231
1321 232
1322 233
1323 234
1324 234
1325 235
1326 236
1327 236
1328 236
1329 236
1330 236
1331 236
1332 236
1333 236
1334 236
1335 237
1336 238
1337 238
1338 238
1339 239
1340 239
1341 239
1342 240
1343 240
1344 240
1345 240
1346 241
1347 242
1348 242
1349 242
1350 242
1351 243
1352 243
1353 243
1354 244
1355 244
1356 244
1357 245
1358 246
1359 246
1360 246
1361 247
1362 247
1363 247
1364 247
1365 248
1366 248
1367 249
1368 249
1369 249
1370 250
1371 251
1372 251
1373 251
1374 251
1375 252
1376 253
1377 253
1378 253
1379 253
1380 253
1381 253
1382 253
1383 253
1384 254
1385 255
1386 256
1387 256
1388 256
1389 256
1390 256
1391 256
1392 256
1393 256
1394 257
1395 257
1396 257
1397 257
1398 257
1399 257
1400 257
1401 257
1402 257
1403 257
1404 257
1405 257
1406 257
1407 257
1408 257
1409 257
1410 257
1411 258
1412 258
1413 258
1414 258
1415 258
1416 258
1417 258
1418 258
1419 259
1420 259
1421 259
1422 259
1423 259
1424 259
1425 259
1426 260
1427 260
1428 260
1429 260
1430 260
1431 260
1432 260
1433 260
1434 260
1435 261
1436 261
1437 262
1438 262
1439 262
1440 262
1441 262
1442 262
1443 262
1444 262
1445 262
1446 262
1447 262
1448 263
1449 264
1450 264
1451 265
1452 266
1453 266
1454 266
1455 266
1456 266
1457 266
1458 266
1459 267
1460 267
1461 268
1462 269
1463 269
1464 270
1465 270
1466 270
1467 271
1468 272
1469 272
1470 273
1471 273
1472 273
1473 273
1474 274
1475 274
1476 274
1477 275
1478 276
1479 276
1480 276
1481 277
1482 277
1483 278
1484 278
1485 278
1486 278
1487 279
1488 280
1489 280
1490 281
1491 281
1492 281
1493 281
1494 281
1495 281
1496 282
1497 282
1498 282
1499 282
1500 282
1501 282
1502 282
1503 282
1504 282
1505 282
1506 283
1507 283
1508 284
1509 284
1510 284
1511 284
1512 284
1513 284
1514 284
1515 284
1516 284
1517 284
1518 284
1519 284
1520 284
1521 285
1522 286
1523 286
1524 286
1525 286
1526 287
1527 287
1528 287
1529 287
1530 287
1531 287
1532 287
1533 288
1534 288
1535 288
1536 288
1537 288
1538 288
1539 288
1540 288
1541 288
1542 288
1543 288
1544 288
1545 288
1546 289
1547 289
1548 289
1549 290
1550 290
1551 290
1552 290
1553 291
1554 292
1555 292
1556 293
1557 293
1558 293
1559 293
1560 293
1561 294
1562 294
1563 294
1564 294
1565 294
1566 294
1567 295
1568 295
1569 295
1570 295
1571 295
1572 295
1573 295
1574 295
1575 296
1576 296
1577 296
1578 296
1579 296
1580 296
1581 296
1582 296
1583 296
1584 296
1585 296
1586 296
1587 297
1588 297
1589 297
1590 297
1591 297
1592 298
1593 298
1594 298
1595 298
1596 298
1597 299
1598 299
1599 299
1600 299
1601 299
1602 299
1603 299
1604 299
1605 300
1606 301
1607 302
1608 302
1609 302
1610 302
1611 302
1612 302
1613 302
1614 302
1615 302
1616 302
1617 302
1618 302
1619 302
1620 302
1621 302
1622 302
1623 302
1624 302
1625 302
1626 302
1627 302
1628 302
1629 302
1630 302
1631 302
1632 302
1633 302
1634 302
1635 302
1636 302
1637 303
1638 303
1639 303
1640 304
1641 304
1642 304
1643 304
1644 304
1645 304
1646 304
1647 304
1648 304
1649 304
1650 304
1651 304
1652 304
1653 305
1654 305
1655 305
1656 305
1657 305
1658 305
1659 305
1660 305
1661 306
1662 307
1663 307
1664 307
1665 307
1666 307
1667 307
1668 308
1669 308
1670 308
1671 308
1672 308
1673 308
1674 308
1675 308
1676 308
1677 308
1678 308
1679 309
1680 310
1681 311
1682 312
1683 312
1684 313
1685 313
1686 313
1687 313
1688 313
1689 313
1690 313
1691 313
1692 314
1693 315
1694 315
1695 315
1696 315
1697 315
1698 315
1699 315
1700 315
1701 315
1702 315
1703 315
1704 315
1705 316
1706 316
1707 316
1708 316
1709 316
1710 316
1711 316
1712 316
1713 316
1714 316
1715 317
1716 317
1717 318
1718 318
1719 318
1720 319
1721 319
1722 320
1723 320
1724 320
1725 320
1726 320
1727 320
1728 320
1729 320
1730 320
1731 320
1732 320
1733 320
1734 320
1735 321
1736 321
1737 321
1738 321
1739 321
1740 322
1741 322
1742 322
1743 322
1744 322
1745 322
1746 322
1747 322
1748 322
1749 322
1750 322
1751 322
1752 322
1753 322
1754 323
1755 323
1756 323
1757 323
1758 323
1759 323
1760 323
1761 323
1762 324
1763 324
1764 325
1765 325
1766 325
1767 325
1768 325
1769 325
1770 325
1771 325
1772 326
1773 327
1774 327
1775 327
1776 328
1777 329
1778 329
1779 329
1780 329
1781 329
1782 329
1783 329
1784 329
1785 329
1786 329
1787 329
1788 330
1789 330
1790 331
1791 331
1792 331
1793 331
1794 332
1795 332
1796 332
1797 332
1798 332
1799 332
1800 332
1801 333
1802 333
1803 333
1804 333
1805 333
1806 333
1807 333
1808 333
1809 333
1810 333
1811 333
1812 333
1813 333
1814 333
1815 333
1816 333
1817 333
1818 333
1819 333
1820 333
1821 333
1822 333
1823 333
1824 334
1825 334
1826 334
1827 334
1828 334
1829 335
1830 336
1831 336
1832 336
1833 336
1834 336
1835 337
1836 337
1837 337
1838 337
1839 337
1840 337
1841 337
1842 337
1843 338
1844 338
1845 338
1846 338
1847 338
1848 338
1849 338
1850 338
1851 338
1852 338
1853 338
1854 338
1855 338
1856 338
1857 339
1858 339
1859 340
1860 340
1861 340
1862 341
1863 341
1864 341
1865 341
1866 342
1867 342
1868 342
1869 342
1870 342
1871 342
1872 342
1873 342
1874 342
1875 343
1876 343
1877 343
1878 343
1879 344
1880 344
1881 344
1882 344
1883 344
1884 344
1885 344
1886 345
1887 345
1888 345
1889 345
1890 345
1891 345
1892 345
1893 345
1894 345
1895 345
1896 345
1897 345
1898 345
1899 346
1900 346
1901 346
1902 346
1903 346
1904 346
1905 347
1906 347
1907 347
1908 348
1909 349
1910 349
1911 350
1912 350
1913 350
1914 350
1915 350
1916 350
1917 350
1918 350
1919 350
1920 350
1921 351
1922 351
1923 351
1924 351
1925 351
1926 351
1927 351
1928 351
1929 351
1930 351
1931 351
1932 351
1933 352
1934 352
1935 352
1936 353
1937 353
1938 353
1939 353
1940 353
1941 353
1942 353
1943 353
1944 353
1945 353
1946 353
1947 353
1948 353
1949 353
1950 353
1951 353
1952 353
1953 353
1954 353
1955 353
1956 353
1957 353
1958 353
1959 353
1960 353
1961 353
1962 353
1963 353
1964 354
1965 354
1966 355
1967 356
1968 356
1969 356
1970 356
1971 356
1972 356
1973 356
1974 356
1975 356
1976 356
1977 356
1978 356
1979 356
1980 356
1981 356
1982 356
1983 357
1984 357
1985 357
1986 357
1987 358
1988 359
1989 359
1990 359
1991 360
1992 360
1993 360
1994 360
1995 360
1996 360
1997 360
1998 360
1999 360
2000 360
2001 361
2002 361
2003 361
2004 361
2005 361
2006 361
2007 361
2008 361
2009 361
2010 361
2011 361
2012 361
2013 362
2014 363
2015 363
2016 364
2017 365
2018 365
2019 366
2020 366
2021 366
2022 366
2023 366
2024 366
2025 367
2026 367
2027 367
2028 367
2029 367
2030 367
2031 368
2032 368
2033 368
2034 368
2035 368
2036 368
2037 368
2038 369
2039 369
2040 369
2041 369
2042 369
2043 369
2044 369
2045 369
2046 369
2047 369
2048 369
2049 369
2050 369
2051 369
2052 369
2053 370
2054 371
2055 371
2056 372
2057 372
2058 372
2059 372
2060 373
2061 373
2062 374
2063 375
2064 376
2065 376
2066 376
2067 376
2068 376
2069 376
2070 376
2071 376
2072 376
2073 376
2074 377
2075 378
2076 378
2077 378
2078 378
2079 378
2080 378
2081 379
2082 379
2083 379
2084 379
2085 379
2086 379
2087 379
2088 379
2089 379
2090 380
2091 380
2092 380
2093 380
2094 380
2095 381
2096 381
2097 381
2098 381
2099 381
2100 382
2101 382
2102 382
2103 382
2104 383
2105 383
2106 383
2107 383
2108 384
2109 385
2110 386
2111 386
2112 386
2113 386
2114 386
2115 386
2116 386
2117 387
2118 387
2119 387
2120 387
2121 388
2122 388
2123 389
2124 389
2125 389
2126 390
2127 391
2128 392
2129 392
2130 392
2131 392
2132 393
2133 393
2134 393
2135 393
2136 393
2137 394
2138 394
2139 394
2140 394
2141 394
2142 394
2143 394
2144 394
2145 394
2146 394
2147 395
2148 395
2149 395
2150 395
2151 395
2152 395
2153 395
2154 395
2155 395
2156 395
2157 395
2158 395
2159 396
2160 396
2161 396
2162 396
2163 396
2164 397
2165 397
2166 397
2167 397
2168 397
2169 398
2170 399
2171 399
2172 399
2173 399
2174 400
2175 401
2176 401
2177 401
2178 401
2179 402
2180 402
2181 403
2182 403
2183 403
2184 404
2185 404
2186 404
2187 405
2188 405
2189 405
2190 405
2191 405
2192 405
2193 406
2194 406
2195 406
2196 406
2197 406
2198 406
2199 406
2200 406
2201 406
2202 406
2203 406
2204 406
2205 406
2206 407
2207 407
2208 408
2209 408
2210 408
2211 408
2212 408
2213 409
2214 409
2215 409
2216 409
2217 409
2218 409
2219 410
2220 410
2221 410
2222 411
2223 411
2224 411
2225 411
2226 412
2227 412
2228 412
2229 412
2230 412
2231 412
2232 412
2233 412
2234 412
2235 412
2236 412
2237 412
2238 412
2239 412
2240 412
2241 412
2242 412
2243 412
2244 412
2245 412
2246 412
2247 413
2248 413
2249 413
2250 414
2251 414
2252 414
2253 414
2254 414
2255 414
2256 414
2257 415
2258 415
2259 416
2260 416
2261 417
2262 417
2263 417
2264 417
2265 417
2266 417
2267 418
2268 419
2269 419
2270 419
2271 419
2272 419
2273 419
2274 420
2275 420
2276 421
2277 422
2278 422
2279 423
2280 424
2281 424
2282 424
2283 425
2284 425
2285 426
2286 426
2287 426
2288 426
2289 426
2290 427
2291 427
2292 427
2293 427
2294 427
2295 428
2296 429
2297 429
2298 429
2299 429
2300 430
2301 430
2302 431
2303 431
2304 431
2305 431
2306 431
2307 432
2308 432
2309 432
2310 432
2311 432
2312 432
2313 432
2314 433
2315 433
2316 433
2317 433
2318 434
2319 434
2320 435
2321 435
2322 436
2323 436
2324 436
2325 437
2326 437
2327 437
2328 437
2329 437
2330 437
2331 437
2332 437
2333 437
2334 437
2335 437
2336 437
2337 437
2338 437
2339 437
2340 437
2341 437
2342 437
2343 438
2344 439
2345 439
2346 439
2347 439
2348 440
2349 440
2350 440
2351 441
2352 442
2353 442
2354 443
2355 443
2356 443
2357 443
2358 444
2359 444
2360 444
2361 444
2362 444
2363 444
2364 445
2365 445
2366 445
2367 445
2368 445
2369 445
2370 446
2371 446
2372 446
2373 446
2374 446
2375 446
2376 447
2377 447
2378 447
2379 447
2380 447
2381 447
2382 447
2383 447
2384 447
2385 447
2386 447
2387 448
2388 449
2389 449
2390 450
2391 451
2392 451
2393 451
2394 451
2395 452
2396 452
2397 452
2398 453
2399 454
2400 454
2401 454
2402 455
2403 455
2404 455
2405 455
2406 455
2407 455
2408 455
2409 456
2410 456
2411 456
2412 456
2413 456
2414 456
2415 456
2416 456
2417 457
2418 457
2419 458
2420 458
2421 459
2422 459
2423 459
2424 460
2425 460
2426 460
2427 460
2428 460
2429 460
2430 460
2431 460
2432 460
2433 460
2434 460
2435 460
2436 460
2437 460
2438 460
2439 460
2440 460
2441 460
2442 460
2443 461
2444 461
2445 462
2446 462
2447 462
2448 462
2449 462
2450 462
2451 462
2452 462
2453 462
2454 462
2455 463
2456 464
2457 465
2458 465
2459 465
2460 465
2461 466
2462 466
2463 467
2464 467
2465 467
2466 467
2467 467
2468 467
2469 468
2470 469
2471 470
2472 470
2473 471
2474 472
2475 472
2476 472
2477 472
2478 472
2479 472
2480 473
2481 473
2482 474
2483 474
2484 475
2485 475
2486 476
2487 476
2488 476
2489 476
2490 477
2491 477
2492 477
2493 477
2494 477
2495 477
2496 477
2497 478
2498 479
2499 479
2500 479
2501 479
2502 479
2503 479
2504 479
2505 479
2506 480
2507 480
2508 481
2509 481
2510 481
2511 481
2512 482
2513 483
2514 483
2515 484
2516 484
2517 484
2518 484
2519 484
2520 484
2521 484
2522 485
2523 485
2524 485
2525 485
2526 485
2527 485
2528 486
2529 486
2530 486
2531 486
2532 486
2533 486
2534 486
2535 486
2536 486
2537 486
2538 486
2539 486
2540 486
2541 486
2542 486
2543 486
2544 486
2545 486
2546 486
2547 486
2548 487
2549 487
2550 487
2551 487
2552 487
2553 487
2554 487
2555 487
2556 487
2557 487
2558 487
2559 487
2560 488
2561 488
2562 488
2563 488
2564 488
2565 488
2566 488
2567 488
2568 489
2569 490
2570 490
2571 490
2572 490
2573 491
2574 491
2575 491
2576 491
2577 491
2578 491
2579 491
2580 492
2581 492
2582 492
2583 492
2584 492
2585 493
2586 493
2587 493
2588 493
2589 494
2590 494
2591 495
2592 495
2593 495
2594 495
2595 495
2596 495
2597 496
2598 496
2599 497
2600 497
2601 497
2602 497
2603 497
2604 497
2605 497
2606 498
2607 498
2608 499
2609 500
2610 500
2611 500
2612 500
2613 501
2614 501
2615 501
2616 501
2617 502
2618 502
2619 502
2620 503
2621 503
2622 503
2623 503
2624 503
2625 503
2626 503
2627 504
2628 504
2629 504
2630 504
2631 504
2632 504
2633 504
2634 504
2635 504
2636 504
2637 504
2638 504
2639 504
2640 504
2641 504
2642 504
2643 504
2644 504
2645 504
2646 504
2647 505
2648 505
2649 505
2650 505
2651 505
2652 505
2653 506
2654 506
2655 506
2656 506
2657 507
2658 507
2659 507
2660 508
2661 508
2662 508
2663 509
2664 510
2665 510
2666 510
2667 510
2668 510
2669 510
2670 510
2671 510
2672 510
2673 510
2674 511
2675 511
2676 511
2677 512
2678 512
2679 512
2680 512
2681 512
2682 512
2683 513
2684 514
2685 514
2686 515
2687 515
2688 515
2689 516
2690 517
2691 517
2692 517
2693 517
2694 518
2695 519
2696 519
2697 519
2698 519
2699 519
2700 519
2701 519
2702 519
2703 519
2704 519
2705 520
2706 520
2707 521
2708 521
2709 521
2710 521
2711 521
2712 522
2713 522
2714 523
2715 524
2716 524
2717 524
2718 524
2719 524
2720 524
2721 524
2722 524
2723 524
2724 524
2725 524
2726 524
2727 524
2728 525
2729 525
2730 525
2731 525
2732 525
2733 525
2734 525
2735 525
2736 525
2737 526
2738 527
2739 527
2740 528
2741 528
2742 528
2743 528
2744 528
2745 528
2746 528
2747 528
2748 528
2749 528
2750 528
2751 529
2752 530
2753 530
2754 531
2755 531
2756 531
2757 531
2758 531
2759 531
2760 531
2761 531
2762 531
2763 531
2764 531
2765 531
2766 531
2767 531
2768 531
2769 531
2770 531
2771 531
2772 531
2773 531
2774 531
2775 531
2776 532
2777 532
2778 533
2779 534
2780 534
2781 534
2782 534
2783 534
2784 534
2785 534
2786 535
2787 535
2788 536
2789 536
2790 536
2791 536
2792 536
2793 536
2794 536
2795 536
2796 536
2797 537
2798 537
2799 537
2800 537
2801 537
2802 537
2803 537
2804 538
2805 539
2806 539
2807 539
2808 540
2809 541
2810 541
2811 541
2812 542
2813 542
2814 542
2815 542
2816 542
2817 542
2818 543
2819 543
2820 543
2821 543
2822 543
2823 543
2824 543
2825 543
2826 544
2827 544
2828 545
2829 545
2830 546
2831 546
2832 546
2833 546
2834 546
2835 547
2836 547
2837 547
2838 548
2839 548
2840 548
2841 548
2842 548
2843 548
2844 549
2845 549
2846 549
2847 549
2848 549
2849 549
2850 549
2851 549
2852 549
2853 549
2854 549
2855 549
2856 550
2857 551
2858 551
2859 551
2860 552
2861 552
2862 553
2863 553
2864 554
2865 554
2866 554
2867 554
2868 555
2869 555
2870 555
2871 555
2872 556
2873 556
2874 556
2875 556
2876 556
2877 557
2878 558
2879 558
2880 558
2881 558
2882 558
2883 558
2884 559
2885 559
2886 559
2887 559
2888 560
2889 560
2890 560
2891 560
2892 561
2893 561
2894 561
2895 561
2896 561
2897 561
2898 561
2899 562
2900 562
2901 562
2902 563
2903 563
2904 563
2905 563
2906 563
2907 563
2908 563
2909 563
2910 563
2911 563
2912 563
2913 563
2914 563
2915 563
2916 564
2917 564
2918 564
2919 564
2920 564
2921 565
2922 565
2923 565
2924 565
2925 565
2926 565
2927 565
2928 565
2929 565
2930 565
2931 565
2932 565
2933 565
2934 565
2935 565
2936 565
2937 565
2938 565
2939 565
2940 565
2941 565
2942 565
2943 566
2944 566
2945 566
2946 567
2947 567
2948 567
2949 567
2950 567
2951 568
2952 568
2953 568
2954 568
2955 568
2956 568
2957 569
2958 569
2959 570
2960 570
2961 570
2962 570
2963 570
2964 571
2965 572
2966 572
2967 572
2968 572
2969 572
2970 572
2971 572
2972 572
2973 572
2974 572
2975 572
2976 572
2977 572
2978 572
2979 572
2980 572
2981 572
2982 572
2983 573
2984 573
2985 574
2986 574
2987 575
2988 575
2989 575
2990 575
2991 575
2992 575
2993 575
2994 575
2995 575
2996 575
2997 576
2998 576
2999 576
3000 577
3001 577
3002 577
3003 577
3004 577
3005 577
3006 577
3007 578
3008 578
3009 578
3010 579
3011 579
3012 579
3013 579
3014 579
3015 579
3016 580
3017 581
3018 581
3019 581
3020 581
3021 581
3022 581
3023 581
3024 581
3025 582
3026 582
3027 583
3028 583
3029 583
3030 583
3031 583
3032 583
3033 583
3034 583
3035 584
3036 584
3037 584
3038 584
3039 584
3040 584
3041 584
3042 584
3043 584
3044 584
3045 584
3046 585
3047 586
3048 586
3049 587
3050 587
3051 588
3052 588
3053 588
3054 588
3055 589
3056 589
3057 589
3058 590
3059 590
3060 591
3061 591
3062 591
3063 591
3064 591
3065 591
3066 591
3067 591
3068 592
3069 592
3070 592
3071 592
3072 592
3073 592
3074 592
3075 593
3076 593
3077 593
3078 593
3079 593
3080 594
3081 595
3082 595
3083 595
3084 595
3085 595
3086 596
3087 596
3088 596
3089 596
3090 596
3091 596
3092 596
3093 596
3094 596
3095 596
3096 596
3097 596
3098 597
3099 597
3100 597
3101 597
3102 597
3103 597
3104 598
3105 598
3106 599
3107 600
3108 601
3109 601
3110 602
3111 602
3112 602
3113 602
3114 602
3115 603
3116 604
3117 604
3118 604
3119 604
3120 604
3121 605
3122 605
3123 605
3124 605
3125 605
3126 605
3127 605
3128 605
3129 605
3130 605
3131 605
3132 605
3133 605
3134 605
3135 605
3136 605
3137 605
3138 605
3139 605
3140 605
3141 606
3142 606
3143 606
3144 606
3145 606
3146 606
3147 607
3148 608
3149 608
3150 609
3151 609
3152 609
3153 609
3154 609
3155 609
3156 609
3157 609
3158 609
3159 609
3160 609
3161 609
3162 609
3163 609
3164 609
3165 609
3166 609
3167 609
3168 610
3169 610
3170 610
3171 610
3172 610
3173 610
3174 610
3175 610
3176 610
3177 610
3178 610
3179 610
3180 610
3181 610
3182 610
3183 611
3184 611
3185 611
3186 611
3187 611
3188 611
3189 611
3190 611
3191 611
3192 611
3193 612
3194 612
3195 612
3196 613
3197 613
3198 614
3199 614
3200 614
3201 614
3202 615
3203 615
3204 615
3205 616
3206 616
3207 616
3208 616
3209 616
3210 616
3211 616
3212 617
3213 617
3214 618
3215 618
3216 619
3217 620
3218 620
3219 621
3220 622
3221 622
3222 622
3223 622
3224 623
3225 623
3226 623
3227 623
3228 623
3229 623
3230 623
3231 624
3232 624
3233 625
3234 625
3235 625
3236 625
3237 625
3238 625
3239 625
3240 626
3241 627
3242 628
3243 629
3244 629
3245 629
3246 630
3247 630
3248 630
3249 630
3250 630
3251 630
3252 630
3253 630
3254 630
3255 631
3256 631
3257 631
3258 631
3259 632
3260 633
3261 633
3262 633
3263 633
3264 634
3265 634
3266 634
3267 634
3268 635
3269 635
3270 635
3271 635
3272 635
3273 635
3274 636
3275 636
3276 636
3277 636
3278 636
3279 636
3280 636
3281 636
3282 637
3283 637
3284 637
3285 637
3286 637
3287 637
3288 637
3289 637
3290 637
3291 638
3292 638
3293 638
3294 638
3295 638
3296 638
3297 638
3298 638
3299 638
3300 638
3301 639
3302 639
3303 639
3304 640
3305 641
3306 641
3307 641
3308 641
3309 641
3310 641
3311 641
3312 641
3313 642
3314 643
3315 643
3316 644
3317 644
3318 644
3319 644
3320 644
3321 644
3322 644
3323 644
3324 644
3325 645
3326 646
3327 646
3328 646
3329 646
3330 646
3331 646
3332 646
3333 646
3334 646
3335 646
3336 647
3337 648
3338 648
3339 648
3340 649
3341 649
3342 649
3343 649
3344 649
3345 650
3346 651
3347 651
3348 651
3349 651
3350 651
3351 651
3352 651
3353 651
3354 651
3355 651
3356 651
3357 651
3358 651
3359 651
3360 651
3361 651
3362 651
3363 651
3364 651
3365 651
3366 652
3367 652
3368 652
3369 652
3370 652
3371 652
3372 652
3373 652
3374 652
3375 652
3376 652
3377 652
3378 652
3379 652
3380 652
3381 652
3382 652
3383 652
3384 652
3385 652
3386 652
3387 652
3388 653
3389 653
3390 654
3391 655
3392 656
3393 657
3394 657
3395 657
3396 657
3397 658
3398 658
3399 658
3400 659
3401 659
3402 659
3403 659
3404 659
3405 660
3406 661
3407 661
3408 661
3409 661
3410 661
3411 661
3412 661
3413 662
3414 662
3415 662
3416 662
3417 662
3418 662
3419 662
3420 662
3421 662
3422 662
3423 662
3424 662
3425 662
3426 662
3427 662
3428 662
3429 662
3430 662
3431 662
3432 662
3433 662
3434 662
3435 662
3436 663
3437 663
3438 663
3439 663
3440 663
3441 663
3442 663
3443 663
3444 663
3445 663
3446 664
3447 664
3448 664
3449 664
3450 665
3451 665
3452 665
3453 665
3454 665
3455 665
3456 665
3457 665
3458 665
3459 665
3460 665
3461 665
3462 665
3463 666
3464 667
3465 667
3466 667
3467 667
3468 668
3469 669
3470 669
3471 670
3472 670
3473 670
3474 670
3475 670
3476 670
3477 670
3478 670
3479 670
3480 671
3481 672
3482 672
3483 672
3484 672
3485 672
3486 672
3487 673
3488 674
3489 674
3490 675
3491 675
3492 675
3493 675
3494 675
3495 675
3496 676
3497 676
3498 677
3499 677
3500 678
3501 678
3502 678
3503 678
3504 678
3505 678
3506 678
3507 678
3508 678
3509 679
3510 680
3511 680
3512 680
3513 680
3514 680
3515 681
3516 682
3517 682
3518 683
3519 684
3520 684
3521 684
3522 684
3523 684
3524 685
3525 686
3526 687
3527 687
3528 688
3529 688
3530 689
3531 690
3532 690
3533 690
3534 690
3535 690
3536 691
3537 691
3538 691
3539 691
3540 691
3541 691
3542 691
3543 691
3544 691
3545 691
3546 691
3547 691
3548 691
3549 691
3550 691
3551 691
3552 692
3553 693
3554 693
3555 694
3556 694
3557 695
3558 695
3559 695
3560 696
3561 696
3562 696
3563 696
3564 696
3565 696
3566 696
3567 696
3568 696
3569 696
3570 696
3571 696
3572 697
3573 697
3574 697
3575 697
3576 698
3577 698
3578 698
3579 698
3580 698
3581 698
3582 698
3583 698
3584 698
3585 698
3586 698
3587 698
3588 698
3589 698
3590 698
3591 698
3592 698
3593 698
3594 698
3595 699
3596 700
3597 701
3598 701
3599 701
3600 701
3601 701
3602 701
3603 701
3604 701
3605 701
3606 701
3607 701
3608 701
3609 702
3610 702
3611 702
3612 702
3613 702
3614 702
3615 702
3616 702
3617 702
3618 702
3619 702
3620 702
3621 702
3622 702
3623 702
3624 702
3625 702
3626 702
3627 702
3628 702
3629 703
3630 703
3631 703
3632 703
3633 703
3634 703
3635 703
3636 703
3637 704
3638 704
3639 704
3640 704
3641 704
3642 704
3643 704
3644 704
3645 704
3646 704
3647 704
3648 704
3649 704
3650 704
3651 705
3652 705
3653 706
3654 706
3655 706
3656 707
3657 707
3658 707
3659 707
3660 707
3661 707
3662 708
3663 708
3664 708
3665 708
3666 708
3667 708
3668 708
3669 708
3670 708
3671 708
3672 708
3673 708
3674 708
3675 708
3676 708
3677 708
3678 708
3679 709
3680 709
3681 709
3682 709
3683 709
3684 709
3685 709
3686 709
3687 709
3688 709
3689 709
3690 709
3691 709
3692 709
3693 709
3694 710
3695 710
3696 710
3697 711
3698 711
3699 712
3700 712
3701 713
3702 714
3703 715
3704 715
3705 715
3706 716
3707 716
3708 716
3709 717
3710 717
3711 718
3712 718
3713 719
3714 720
3715 720
3716 720
3717 720
3718 720
3719 721
3720 721
3721 722
3722 722
3723 723
3724 723
3725 723
3726 724
3727 724
3728 724
3729 725
3730 725
3731 725
3732 725
3733 726
3734 726
3735 727
3736 727
3737 727
3738 727
3739 727
3740 727
3741 727
3742 727
3743 727
3744 727
3745 727
3746 727
3747 728
3748 728
3749 728
3750 728
3751 728
3752 728
3753 728
3754 729
3755 729
3756 729
3757 729
3758 729
3759 729
3760 729
3761 730
3762 730
3763 730
3764 730
3765 731
3766 732
3767 733
3768 733
3769 733
3770 733
3771 734
3772 735
3773 736
3774 736
3775 737
3776 738
3777 738
3778 738
3779 738
3780 738
3781 739
3782 739
3783 739
3784 740
3785 740
3786 740
3787 740
3788 741
3789 742
3790 742
3791 742
3792 743
3793 743
3794 743
3795 743
3796 743
3797 743
3798 744
3799 745
3800 746
3801 746
3802 746
3803 746
3804 746
3805 746
3806 747
3807 747
3808 747
3809 747
3810 747
3811 748
3812 748
3813 749
3814 750
3815 750
3816 750
3817 750
3818 751
3819 751
3820 751
3821 751
3822 751
3823 751
3824 751
3825 751
3826 752
3827 752
3828 752
3829 752
3830 752
3831 752
3832 752
3833 752
3834 752
3835 752
3836 752
3837 752
3838 752
3839 752
3840 752
3841 753
3842 754
3843 754
3844 754
3845 754
3846 754
3847 754
3848 754
3849 754
3850 755
3851 755
3852 755
3853 756
3854 757
3855 757
3856 758
3857 758
3858 758
3859 758
3860 759
3861 759
3862 759
3863 760
3864 760
3865 760
3866 760
3867 760
3868 760
3869 760
3870 761
3871 761
3872 761
3873 761
3874 761
3875 761
3876 762
3877 762
3878 762
3879 763
3880 763
3881 763
3882 763
3883 764
3884 764
3885 764
3886 764
3887 765
3888 765
3889 765
3890 765
3891 765
3892 765
3893 766
3894 766
3895 766
3896 767
3897 767
3898 767
3899 767
3900 767
3901 768
3902 769
3903 770
3904 770
3905 771
3906 772
3907 772
3908 772
3909 772
3910 772
3911 772
3912 773
3913 774
3914 775
3915 776
3916 777
3917 778
3918 779
3919 779
3920 779
3921 779
3922 779
3923 779
3924 779
3925 780
3926 780
3927 780
3928 780
3929 781
3930 781
3931 782
3932 782
3933 782
3934 782
3935 782
3936 783
3937 784
3938 785
3939 786
3940 786
3941 787
3942 788
3943 789
3944 789
3945 790
3946 790
3947 791
3948 791
3949 791
3950 791
3951 791
3952 791
3953 792
3954 793
3955 793
3956 793
3957 794
3958 794
3959 794
3960 794
3961 794
3962 794
3963 794
3964 794
3965 794
3966 794
3967 794
3968 795
3969 795
3970 795
3971 795
3972 796
3973 796
3974 796
3975 796
3976 797
3977 798
3978 798
3979 798
3980 798
3981 798
3982 798
3983 799
3984 800
3985 800
3986 801
3987 801
3988 802
3989 802
3990 802
3991 803
3992 803
3993 803
3994 803
3995 803
3996 804
3997 804
3998 804
3999 804
4000 804
4001 804
4002 805
4003 805
4004 805
4005 805
4006 805
4007 805
4008 805
4009 806
4010 807
4011 807
4012 807
4013 808
4014 808
4015 808
4016 809
4017 810
4018 810
4019 810
4020 811
4021 812
4022 813
4023 813
4024 813
4025 814
4026 814
4027 814
4028 814
4029 815
4030 815
4031 816
4032 816
4033 816
4034 816
4035 817
4036 818
4037 818
4038 819
4039 820
4040 821
4041 821
4042 822
4043 823
4044 823
4045 823
4046 824
4047 824
4048 824
4049 825
4050 826
4051 826
4052 827
4053 827
4054 828
4055 828
4056 828
4057 829
4058 829
4059 829
4060 829
4061 829
4062 829
4063 829
4064 829
4065 829
4066 829
4067 830
4068 830
4069 831
4070 832
4071 833
4072 833
4073 833
4074 833
4075 833
4076 833
4077 833
4078 833
4079 833
4080 834
4081 834
4082 835
4083 836
4084 836
4085 836
4086 837
4087 837
4088 837
4089 837
4090 837
4091 837
4092 837
4093 837
4094 837
4095 837
4096 838
4097 838
4098 838
4099 839
4100 839
4101 839
4102 839
4103 839
4104 840
4105 840
4106 840
4107 841
4108 842
4109 842
4110 843
4111 843
4112 843
4113 844
4114 844
4115 845
4116 845
4117 845
4118 846
4119 846
4120 846
4121 846
4122 846
4123 847
4124 847
4125 848
4126 849
4127 849
4128 849
4129 850
4130 850
4131 850
4132 851
4133 851
4134 851
4135 852
4136 853
4137 853
4138 853
4139 854
4140 855
4141 856
4142 856
4143 857
4144 857
4145 857
4146 857
4147 857
4148 857
4149 858
4150 859
4151 859
4152 859
4153 860
4154 860
4155 860
4156 861
4157 861
4158 862
4159 862
4160 862
4161 863
4162 864
4163 864
4164 864
4165 864
4166 864
4167 864
4168 864
4169 865
4170 865
4171 866
4172 866
4173 866
4174 866
4175 866
4176 866
4177 866
4178 867
4179 867
4180 868
4181 868
4182 868
4183 868
4184 868
4185 868
4186 868
4187 868
4188 869
4189 869
4190 869
4191 869
4192 869
4193 869
4194 869
4195 870
4196 870
4197 870
4198 870
4199 871
4200 872
4201 873
4202 874
4203 874
4204 874
4205 874
4206 875
4207 875
4208 875
4209 875
4210 875
4211 876
4212 877
4213 877
4214 877
4215 877
4216 878
4217 878
4218 878
4219 878
4220 878
4221 878
4222 878
4223 878
4224 878
4225 878
4226 878
4227 879
4228 879
4229 879
4230 880
4231 880
4232 880
4233 880
4234 880
4235 880
4236 880
4237 881
4238 881
4239 881
4240 881
4241 881
4242 881
4243 881
4244 882
4245 883
4246 884
4247 884
4248 884
4249 885
4250 885
4251 885
4252 885
4253 886
4254 887
4255 887
4256 887
4257 887
4258 888
4259 888
4260 888
4261 888
4262 888
4263 888
4264 888
4265 888
4266 888
4267 889
4268 889
4269 890
4270 891
4271 891
4272 892
4273 892
4274 892
4275 892
4276 892
4277 893
4278 893
4279 893
4280 893
4281 893
4282 893
4283 894
4284 895
4285 896
4286 896
4287 896
4288 896
4289 896
4290 896
4291 896
4292 896
4293 896
4294 896
4295 897
4296 898
4297 899
4298 899
4299 900
4300 900
4301 901
4302 902
4303 902
4304 902
4305 902
4306 902
4307 902
4308 903
4309 903
4310 903
4311 903
4312 903
4313 903
4314 903
4315 903
4316 903
4317 904
4318 904
4319 904
4320 904
4321 904
4322 904
4323 904
4324 905
4325 905
4326 905
4327 906
4328 906
4329 906
4330 907
4331 907
4332 907
4333 907
4334 908
4335 908
4336 909
4337 909
4338 909
4339 909
4340 909
4341 909
4342 910
4343 910
4344 910
4345 910
4346 910
4347 911
4348 911
4349 911
4350 911
4351 911
4352 912
4353 913
4354 913
4355 913
4356 914
4357 914
4358 914
4359 914
4360 914
4361 915
4362 916
4363 917
4364 918
4365 919
4366 920
4367 920
4368 920
4369 920
4370 920
4371 920
4372 920
4373 920
4374 920
4375 920
4376 920
4377 920
4378 920
4379 921
4380 921
4381 921
4382 921
4383 921
4384 921
4385 921
4386 921
4387 921
4388 922
4389 922
4390 922
4391 923
4392 923
4393 923
4394 923
4395 924
4396 925
4397 925
4398 926
4399 926
4400 926
4401 926
4402 926
4403 926
4404 927
4405 927
4406 927
4407 927
4408 927
4409 927
4410 928
4411 928
4412 928
4413 928
4414 928
4415 928
4416 929
4417 929
4418 929
4419 930
4420 931
4421 931
4422 931
4423 931
4424 932
4425 932
4426 932
4427 932
4428 933
4429 933
4430 933
4431 933
4432 933
4433 933
4434 933
4435 933
4436 934
4437 934
4438 934
4439 934
4440 934
4441 934
4442 934
4443 934
4444 934
4445 934
4446 934
4447 934
4448 934
4449 934
4450 934
4451 934
4452 934
4453 934
4454 934
4455 935
4456 935
4457 936
4458 937
4459 937
4460 938
4461 938
4462 938
4463 939
4464 939
4465 939
4466 939
4467 940
4468 940
4469 940
4470 940
4471 940
4472 940
4473 940
4474 940
4475 940
4476 940
4477 940
4478 940
4479 940
4480 940
4481 940
4482 940
4483 940
4484 940
4485 940
4486 941
4487 941
4488 941
4489 942
4490 942
4491 942
4492 942
4493 942
4494 942
4495 942
4496 942
4497 942
4498 942
4499 942
4500 942
4501 942
4502 943
4503 943
4504 943
4505 943
4506 943
4507 944
4508 944
4509 945
4510 945
4511 945
4512 945
4513 945
4514 946
4515 946
4516 946
4517 946
4518 946
4519 946
4520 947
4521 948
4522 948
4523 948
4524 948
4525 948
4526 948
4527 948
4528 949
4529 950
4530 950
4531 950
4532 950
4533 950
4534 951
4535 952
4536 952
4537 953
4538 953
4539 954
4540 954
4541 954
4542 954
4543 954
4544 954
4545 954
4546 955
4547 956
4548 956
4549 957
4550 958
4551 958
4552 958
4553 958
4554 959
4555 959
4556 959
4557 959
4558 959
4559 959
4560 959
4561 959
4562 959
4563 960
4564 961
4565 961
4566 961
4567 962
4568 963
4569 964
4570 964
4571 964
4572 964
4573 964
4574 964
4575 964
4576 965
4577 965
4578 965
4579 966
4580 966
4581 966
4582 967
4583 967
4584 967
4585 968
4586 968
4587 969
4588 969
4589 969
4590 969
4591 969
4592 969
4593 970
4594 971
4595 971
4596 971
4597 972
4598 972
4599 972
4600 972
4601 972
4602 972
4603 972
4604 973
4605 974
4606 975
4607 976
4608 977
4609 977
4610 977
4611 978
4612 978
4613 978
4614 978
4615 978
4616 978
4617 979
4618 979
4619 980
4620 980
4621 980
4622 981
4623 982
4624 982
4625 982
4626 982
4627 982
4628 982
4629 983
4630 983
4631 984
4632 984
4633 985
4634 985
4635 985
4636 985
4637 985
4638 985
4639 985
4640 986
4641 986
4642 986
4643 986
4644 986
4645 986
4646 986
4647 986
4648 987
4649 987
4650 988
4651 988
4652 988
4653 988
4654 988
4655 988
4656 988
4657 989
4658 989
4659 989
4660 989
4661 989
4662 989
4663 989
4664 989
4665 989
4666 990
4667 990
4668 991
4669 992
4670 992
4671 992
4672 992
4673 993
4674 993
4675 993
4676 993
4677 994
4678 994
4679 994
4680 995
4681 995
4682 996
4683 996
4684 996
4685 996
4686 996
4687 996
4688 996
4689 996
4690 996
4691 996
4692 996
4693 996
4694 996
4695 996
4696 997
4697 998
4698 998
4699 998
4700 998
4701 999
4702 999
4703 999
4704 999
4705 999
4706 999
4707 999
4708 999
4709 999
4710 1000
4711 1000
4712 1001
4713 1001
4714 1001
4715 1001
4716 1001
4717 1001
4718 1001
4719 1001
4720 1001
4721 1001
4722 1002
4723 1002
4724 1002
4725 1002
4726 1002
4727 1002
4728 1002
4729 1002
4730 1002
4731 1002
4732 1003
4733 1003
4734 1003
4735 1003
4736 1003
4737 1003
4738 1003
4739 1003
4740 1003
4741 1003
4742 1004
4743 1004
4744 1004
4745 1004
4746 1004
4747 1004
4748 1004
4749 1004
4750 1004
4751 1004
4752 1004
4753 1004
4754 1004
4755 1004
4756 1004
4757 1004
4758 1005
4759 1005
4760 1005
4761 1005
4762 1005
4763 1006
4764 1006
4765 1006
4766 1006
4767 1006
4768 1006
4769 1007
4770 1007
4771 1008
4772 1009
4773 1010
4774 1011
4775 1012
4776 1012
4777 1013
4778 1013
4779 1013
4780 1013
4781 1013
4782 1013
4783 1013
4784 1014
4785 1014
4786 1014
4787 1014
4788 1014
4789 1014
4790 1015
4791 1016
4792 1017
4793 1017
4794 1017
4795 1017
4796 1018
4797 1019
4798 1019
4799 1020
4800 1021
4801 1021
4802 1021
4803 1022
4804 1022
4805 1022
4806 1022
4807 1023
4808 1023
4809 1023
4810 1024
4811 1024
4812 1024
4813 1025
4814 1026
4815 1026
4816 1026
4817 1026
4818 1027
4819 1027
4820 1027
4821 1028
4822 1028
4823 1028
4824 1028
4825 1028
4826 1028
4827 1029
4828 1029
4829 1029
4830 1029
4831 1030
4832 1030
4833 1030
4834 1030
4835 1030
4836 1030
4837 1030
4838 1031
4839 1031
4840 1031
4841 1031
4842 1032
4843 1032
4844 1032
4845 1032
4846 1033
4847 1034
4848 1034
4849 1034
4850 1035
4851 1036
4852 1037
4853 1037
4854 1038
4855 1038
4856 1038
4857 1038
4858 1038
4859 1038
4860 1038
4861 1039
4862 1039
4863 1040
4864 1041
4865 1042
4866 1042
4867 1042
4868 1043
4869 1043
4870 1043
4871 1043
4872 1044
4873 1044
4874 1045
4875 1045
4876 1046
4877 1046
4878 1046
4879 1047
4880 1047
4881 1047
4882 1048
4883 1048
4884 1048
4885 1048
4886 1048
4887 1048
4888 1048
4889 1048
4890 1049
4891 1049
4892 1050
4893 1050
4894 1050
4895 1051
4896 1051
4897 1052
4898 1052
4899 1052
4900 1052
4901 1053
4902 1053
4903 1054
4904 1054
4905 1055
4906 1055
4907 1055
4908 1055
4909 1055
4910 1055
4911 1055
4912 1056
4913 1056
4914 1056
4915 1056
4916 1056
4917 1056
4918 1057
4919 1058
4920 1059
4921 1059
4922 1060
4923 1061
4924 1061
4925 1062
4926 1062
4927 1063
4928 1063
4929 1064
4930 1064
4931 1064
4932 1064
4933 1064
4934 1064
4935 1064
4936 1064
4937 1065
4938 1065
4939 1066
4940 1066
4941 1066
4942 1066
4943 1066
4944 1066
4945 1066
4946 1066
4947 1067
4948 1067
4949 1067
4950 1067
4951 1067
4952 1067
4953 1067
4954 1067
4955 1067
4956 1068
4957 1068
4958 1068
4959 1068
4960 1068
4961 1068
4962 1068
4963 1068
4964 1068
4965 1068
4966 1068
4967 1068
4968 1069
4969 1069
4970 1069
4971 1069
4972 1069
4973 1069
4974 1069
4975 1069
4976 1069
4977 1069
4978 1069
4979 1069
4980 1069
4981 1069
4982 1069
4983 1070
4984 1071
4985 1071
4986 1071
4987 1072
4988 1072
4989 1073
4990 1073
4991 1073
4992 1074
4993 1074
4994 1074
4995 1074
4996 1075
4997 1075
4998 1075
4999 1075
5000 1075
5001 1076
5002 1076
5003 1076
5004 1076
5005 1076
5006 1076
5007 1077
5008 1077
5009 1077
5010 1077
5011 1077
5012 1077
5013 1077
5014 1077
5015 1077
5016 1077
5017 1078
5018 1078
5019 1078
5020 1078
5021 1078
5022 1078
5023 1078
5024 1078
5025 1078
5026 1078
5027 1078
5028 1079
5029 1079
5030 1079
5031 1079
5032 1079
5033 1080
5034 1081
5035 1082
5036 1082
5037 1083
5038 1084
5039 1085
5040 1085
5041 1085
5042 1085
5043 1085
5044 1085
5045 1086
5046 1086
5047 1086
5048 1087
5049 1088
5050 1088
5051 1088
5052 1088
5053 1088
5054 1088
5055 1088
5056 1088
5057 1088
5058 1089
5059 1090
5060 1090
5061 1090
5062 1090
5063 1091
5064 1091
5065 1091
5066 1091
5067 1091
5068 1091
5069 1091
5070 1091
5071 1092
5072 1092
5073 1093
5074 1094
5075 1094
5076 1094
5077 1094
5078 1094
5079 1094
5080 1094
5081 1094
5082 1094
5083 1095
5084 1095
5085 1096
5086 1096
5087 1096
5088 1096
5089 1096
5090 1096
5091 1096
5092 1096
5093 1096
5094 1096
5095 1096
5096 1096
5097 1096
5098 1096
5099 1096
5100 1096
5101 1096
5102 1096
5103 1096
5104 1096
5105 1096
5106 1096
5107 1097
5108 1098
5109 1098
5110 1098
5111 1098
5112 1098
5113 1098
5114 1099
5115 1100
5116 1100
5117 1100
5118 1100
5119 1100
5120 1100
5121 1100
5122 1100
5123 1100
5124 1100
5125 1100
5126 1100
5127 1100
5128 1100
5129 1100
5130 1101
5131 1101
5132 1102
5133 1102
5134 1102
5135 1103
5136 1103
5137 1104
5138 1105
5139 1105
5140 1106
5141 1106
5142 1106
5143 1106
5144 1106
5145 1106
5146 1106
5147 1106
5148 1106
5149 1106
5150 1107
5151 1107
5152 1107
5153 1107
5154 1107
5155 1107
5156 1107
5157 1107
5158 1107
5159 1107
5160 1107
5161 1107
5162 1108
5163 1108
5164 1108
5165 1108
5166 1108
5167 1109
5168 1110
5169 1111
5170 1111
5171 1111
5172 1111
5173 1112
5174 1112
5175 1112
5176 1112
5177 1113
5178 1113
5179 1113
5180 1113
5181 1113
5182 1113
5183 1113
5184 1113
5185 1113
5186 1113
5187 1114
5188 1114
5189 1114
5190 1114
5191 1114
5192 1114
5193 1114
5194 1114
5195 1115
5196 1115
5197 1116
5198 1116
5199 1117
5200 1117
5201 1117
5202 1117
5203 1117
5204 1117
5205 1117
5206 1117
5207 1117
5208 1117
5209 1117
5210 1117
5211 1117
5212 1118
5213 1118
5214 1118
5215 1118
5216 1118
5217 1119
5218 1119
5219 1119
5220 1119
5221 1119
5222 1119
5223 1119
5224 1119
5225 1119
5226 1120
5227 1120
5228 1120
5229 1120
5230 1120
5231 1120
5232 1120
5233 1120
5234 1120
5235 1120
5236 1120
5237 1120
5238 1120
5239 1120
5240 1120
5241 1120
5242 1120
5243 1120
5244 1120
5245 1121
5246 1121
5247 1121
5248 1121
5249 1122
5250 1123
5251 1124
5252 1124
5253 1124
5254 1125
5255 1125
5256 1125
5257 1125
5258 1125
5259 1125
5260 1126
5261 1126
5262 1126
5263 1126
5264 1126
5265 1127
5266 1127
5267 1127
5268 1127
5269 1127
5270 1127
5271 1128
5272 1128
5273 1128
5274 1129
5275 1129
5276 1129
5277 1130
5278 1130
5279 1130
5280 1130
5281 1130
5282 1130
5283 1130
5284 1130
5285 1130
5286 1130
5287 1130
5288 1130
5289 1130
5290 1130
5291 1130
5292 1130
5293 1130
5294 1130
5295 1130
5296 1131
5297 1131
5298 1131
5299 1132
5300 1132
5301 1133
5302 1133
5303 1133
5304 1134
5305 1134
5306 1134
5307 1134
5308 1135
5309 1135
5310 1135
5311 1135
5312 1135
5313 1135
5314 1135
5315 1135
5316 1135
5317 1136
5318 1136
5319 1136
5320 1136
5321 1136
5322 1136
5323 1136
5324 1137
5325 1137
5326 1137
5327 1137
5328 1137
5329 1137
5330 1137
5331 1138
5332 1139
5333 1139
5334 1140
5335 1140
5336 1140
5337 1140
5338 1140
5339 1140
5340 1141
5341 1142
5342 1142
5343 1143
5344 1144
5345 1144
5346 1144
5347 1145
5348 1145
5349 1145
5350 1146
5351 1146
5352 1146
5353 1146
5354 1146
5355 1146
5356 1146
5357 1146
5358 1146
5359 1147
5360 1147
5361 1147
5362 1147
5363 1147
5364 1147
5365 1147
5366 1148
5367 1148
5368 1149
5369 1149
5370 1150
5371 1151
5372 1151
5373 1151
5374 1151
5375 1151
5376 1152
5377 1152
5378 1152
5379 1152
5380 1152
5381 1153
5382 1154
5383 1154
5384 1155
5385 1156
5386 1156
5387 1157
5388 1158
5389 1158
5390 1158
5391 1159
5392 1159
5393 1160
5394 1161
5395 1162
5396 1162
5397 1162
5398 1162
5399 1162
5400 1163
5401 1163
5402 1163
5403 1163
5404 1163
5405 1163
5406 1163
5407 1164
5408 1164
5409 1164
5410 1164
5411 1164
5412 1164
5413 1165
5414 1165
5415 1165
5416 1166
5417 1166
5418 1166
5419 1166
5420 1166
5421 1166
5422 1166
5423 1166
5424 1167
5425 1168
5426 1168
5427 1168
5428 1168
5429 1169
5430 1170
5431 1170
5432 1170
5433 1170
5434 1170
5435 1170
5436 1170
5437 1170
5438 1170
5439 1170
5440 1170
5441 1171
5442 1172
5443 1172
5444 1172
5445 1172
5446 1173
5447 1173
5448 1173
5449 1174
5450 1174
5451 1174
5452 1174
5453 1175
5454 1175
5455 1175
5456 1175
5457 1175
5458 1175
5459 1176
5460 1176
5461 1176
5462 1177
5463 1177
5464 1177
5465 1178
5466 1179
5467 1179
5468 1179
5469 1180
5470 1180
5471 1180
5472 1180
5473 1180
5474 1180
5475 1181
5476 1181
5477 1181
5478 1181
5479 1182
5480 1183
5481 1183
5482 1183
5483 1183
5484 1184
5485 1185
5486 1185
5487 1185
5488 1186
5489 1186
5490 1186
5491 1186
5492 1187
5493 1187
5494 1187
5495 1187
5496 1187
5497 1187
5498 1187
5499 1187
5500 1188
5501 1188
5502 1189
5503 1189
5504 1189
5505 1189
5506 1189
5507 1189
5508 1189
5509 1189
5510 1190
5511 1190
5512 1191
5513 1191
5514 1191
5515 1191
5516 1191
5517 1191
5518 1192
5519 1192
5520 1193
5521 1193
5522 1194
5523 1194
5524 1194
5525 1194
5526 1194
5527 1195
5528 1195
5529 1195
5530 1195
5531 1195
5532 1195
5533 1195
5534 1195
5535 1195
5536 1195
5537 1195
5538 1195
5539 1195
5540 1195
5541 1195
5542 1196
5543 1196
5544 1196
5545 1197
5546 1197
5547 1197
5548 1197
5549 1198
5550 1198
5551 1199
5552 1199
5553 1199
5554 1199
5555 1199
5556 1199
5557 1199
5558 1199
5559 1200
5560 1200
5561 1200
5562 1200
5563 1200
5564 1200
5565 1200
5566 1200
5567 1200
5568 1201
5569 1201
5570 1201
5571 1201
5572 1201
5573 1201
5574 1201
5575 1201
5576 1201
5577 1201
5578 1201
5579 1202
5580 1202
5581 1202
5582 1203
5583 1204
5584 1204
5585 1204
5586 1204
5587 1204
5588 1204
5589 1204
5590 1205
5591 1205
5592 1205
5593 1206
5594 1206
5595 1207
5596 1207
5597 1207
5598 1207
5599 1207
5600 1207
5601 1207
5602 1207
5603 1207
5604 1207
5605 1208
5606 1208
5607 1208
5608 1208
5609 1209
5610 1209
5611 1209
5612 1210
5613 1210
5614 1210
5615 1210
5616 1210
5617 1210
5618 1210
5619 1210
5620 1211
5621 1211
5622 1212
5623 1212
5624 1212
5625 1213
5626 1213
5627 1213
5628 1213
5629 1214
5630 1215
5631 1215
5632 1216
5633 1216
5634 1216
5635 1216
5636 1216
5637 1216
5638 1216
5639 1216
5640 1216
5641 1216
5642 1216
5643 1216
5644 1216
5645 1216
5646 1216
5647 1216
5648 1216
5649 1216
5650 1216
5651 1216
5652 1217
5653 1217
5654 1217
5655 1217
5656 1217
5657 1217
5658 1218
5659 1218
5660 1218
5661 1218
5662 1218
5663 1218
5664 1218
5665 1218
5666 1218
5667 1218
5668 1218
5669 1218
5670 1218
5671 1218
5672 1218
5673 1218
5674 1218
5675 1218
5676 1218
5677 1218
5678 1218
5679 1219
5680 1219
5681 1220
5682 1220
5683 1220
5684 1220
5685 1220
5686 1221
5687 1222
5688 1222
5689 1222
5690 1222
5691 1223
5692 1224
5693 1225
5694 1225
5695 1225
5696 1225
5697 1225
5698 1225
5699 1225
5700 1226
5701 1226
5702 1226
5703 1226
5704 1226
5705 1226
5706 1226
5707 1227
5708 1227
5709 1227
5710 1227
5711 1227
5712 1227
5713 1228
5714 1228
5715 1229
5716 1229
5717 1229
5718 1229
5719 1229
5720 1229
5721 1229
5722 1229
5723 1229
5724 1229
5725 1229
5726 1229
5727 1229
5728 1229
5729 1229
5730 1229
5731 1229
5732 1229
5733 1229
5734 1230
5735 1230
5736 1230
5737 1231
5738 1231
5739 1231
5740 1231
5741 1231
5742 1231
5743 1231
5744 1231
5745 1231
5746 1231
5747 1231
5748 1231
5749 1231
5750 1231
5751 1231
5752 1231
5753 1231
5754 1231
5755 1231
5756 1231
5757 1231
5758 1231
5759 1231
5760 1231
5761 1231
5762 1231
5763 1231
5764 1232
5765 1232
5766 1232
5767 1233
5768 1233
5769 1233
5770 1233
5771 1233
5772 1233
5773 1233
5774 1233
5775 1234
5776 1234
5777 1234
5778 1235
5779 1235
5780 1235
5781 1235
5782 1235
5783 1235
5784 1235
5785 1235
5786 1235
5787 1235
5788 1235
5789 1235
5790 1235
5791 1235
5792 1235
5793 1235
5794 1235
5795 1235
5796 1235
5797 1235
5798 1235
5799 1235
5800 1235
5801 1235
5802 1235
5803 1235
5804 1236
5805 1236
5806 1237
5807 1237
5808 1237
5809 1237
5810 1237
5811 1237
5812 1237
5813 1238
5814 1239
5815 1239
5816 1240
5817 1240
5818 1240
5819 1240
5820 1240
5821 1240
5822 1240
5823 1240
5824 1240
5825 1240
5826 1240
5827 1240
5828 1240
5829 1241
5830 1241
5831 1242
5832 1242
5833 1242
5834 1242
5835 1242
5836 1242
5837 1243
5838 1243
5839 1243
5840 1243
5841 1243
5842 1243
5843 1243
5844 1243
5845 1243
5846 1243
5847 1243
5848 1243
5849 1243
5850 1244
5851 1245
5852 1245
5853 1245
5854 1245
5855 1246
5856 1246
5857 1246
5858 1246
5859 1246
5860 1246
5861 1246
5862 1247
5863 1247
5864 1247
5865 1248
5866 1248
5867 1248
5868 1248
5869 1248
5870 1248
5871 1248
5872 1248
5873 1248
5874 1248
5875 1249
5876 1249
5877 1249
5878 1249
5879 1249
5880 1249
5881 1249
5882 1249
5883 1249
5884 1250
5885 1250
5886 1250
5887 1251
5888 1251
5889 1251
5890 1251
5891 1251
5892 1251
5893 1251
5894 1251
5895 1251
5896 1251
5897 1251
5898 1251
5899 1252
5900 1253
5901 1253
5902 1253
5903 1254
5904 1254
5905 1254
5906 1254
5907 1254
5908 1254
5909 1254
5910 1254
5911 1254
5912 1255
5913 1255
5914 1255
5915 1255
5916 1255
5917 1255
5918 1255
5919 1255
5920 1255
5921 1256
5922 1257
5923 1257
5924 1257
5925 1257
5926 1258
5927 1259
5928 1259
5929 1259
5930 1259
5931 1259
5932 1259
5933 1260
5934 1260
5935 1261
5936 1262
5937 1263
5938 1263
5939 1263
5940 1264
5941 1265
5942 1265
5943 1265
5944 1266
5945 1266
5946 1267
5947 1267
5948 1268
5949 1268
5950 1268
5951 1268
5952 1268
5953 1269
5954 1269
5955 1269
5956 1269
5957 1269
5958 1270
5959 1271
5960 1271
5961 1271
5962 1272
5963 1272
5964 1273
5965 1274
5966 1275
5967 1275
5968 1275
5969 1275
5970 1275
5971 1275
5972 1275
5973 1276
5974 1277
5975 1277
5976 1277
5977 1277
5978 1278
5979 1278
5980 1279
5981 1279
5982 1279
5983 1279
5984 1279
5985 1279
5986 1279
5987 1279
5988 1279
5989 1280
5990 1280
5991 1280
5992 1280
5993 1281
5994 1281
5995 1281
5996 1282
5997 1282
5998 1282
5999 1282
6000 1283
6001 1283
6002 1283
6003 1284
6004 1284
6005 1284
6006 1284
6007 1285
6008 1285
6009 1285
6010 1285
6011 1285
6012 1285
6013 1285
6014 1286
6015 1286
6016 1286
6017 1286
6018 1286
6019 1287
6020 1287
6021 1288
6022 1289
6023 1289
6024 1289
6025 1289
6026 1290
6027 1291
6028 1291
6029 1291
6030 1291
6031 1291
6032 1291
6033 1291
6034 1292
6035 1292
6036 1292
6037 1292
6038 1293
6039 1293
6040 1293
6041 1294
6042 1294
6043 1295
6044 1295
6045 1295
6046 1295
6047 1296
6048 1297
6049 1297
6050 1297
6051 1297
6052 1298
6053 1298
6054 1299
6055 1299
6056 1300
6057 1301
6058 1301
6059 1302
6060 1302
6061 1302
6062 1302
6063 1302
6064 1303
6065 1303
6066 1303
6067 1304
6068 1304
6069 1305
6070 1305
6071 1305
6072 1306
6073 1307
6074 1307
6075 1307
6076 1307
6077 1307
6078 1307
6079 1307
6080 1307
6081 1307
6082 1307
6083 1307
6084 1307
6085 1307
6086 1307
6087 1308
6088 1308
6089 1308
6090 1309
6091 1310
6092 1310
6093 1310
6094 1310
6095 1310
6096 1310
6097 1310
6098 1310
6099 1310
6100 1310
6101 1310
6102 1310
6103 1311
6104 1312
6105 1312
6106 1312
6107 1313
6108 1313
6109 1313
6110 1313
6111 1313
6112 1313
6113 1313
6114 1313
6115 1314
6116 1314
6117 1314
6118 1314
6119 1314
6120 1314
6121 1315
6122 1315
6123 1315
6124 1315
6125 1315
6126 1315
6127 1316
6128 1316
6129 1316
6130 1316
6131 1316
6132 1316
6133 1317
6134 1318
6135 1318
6136 1318
6137 1318
6138 1318
6139 1319
6140 1319
6141 1319
6142 1319
6143 1319
6144 1319
6145 1320
6146 1320
6147 1320
6148 1321
6149 1321
6150 1321
6151 1321
6152 1321
6153 1321
6154 1321
6155 1322
6156 1322
6157 1322
6158 1323
6159 1323
6160 1323
6161 1323
6162 1324
6163 1324
6164 1324
6165 1324
6166 1324
6167 1324
6168 1324
6169 1325
6170 1325
6171 1325
6172 1325
6173 1325
6174 1326
6175 1327
6176 1328
6177 1328
6178 1328
6179 1328
6180 1328
6181 1329
6182 1330
6183 1331
6184 1331
6185 1331
6186 1331
6187 1331
6188 1331
6189 1331
6190 1331
6191 1331
6192 1331
6193 1332
6194 1332
6195 1332
6196 1332
6197 1333
6198 1334
6199 1334
6200 1334
6201 1335
6202 1335
6203 1335
6204 1335
6205 1335
6206 1335
6207 1335
6208 1336
6209 1336
6210 1336
6211 1336
6212 1336
6213 1336
6214 1337
6215 1337
6216 1338
6217 1338
6218 1338
6219 1338
6220 1338
6221 1338
6222 1338
6223 1338
6224 1338
6225 1338
6226 1338
6227 1338
6228 1338
6229 1338
6230 1338
6231 1338
6232 1339
6233 1339
6234 1340
6235 1340
6236 1340
6237 1341
6238 1341
6239 1341
6240 1342
6241 1342
6242 1342
6243 1342
6244 1342
6245 1342
6246 1342
6247 1342
6248 1343
6249 1343
6250 1343
6251 1344
6252 1345
6253 1345
6254 1345
6255 1345
6256 1345
6257 1345
6258 1346
6259 1347
6260 1348
6261 1349
6262 1349
6263 1349
6264 1349
6265 1349
6266 1349
6267 1349
6268 1349
6269 1350
6270 1351
6271 1351
6272 1351
6273 1352
6274 1353
6275 1353
6276 1353
6277 1353
6278 1353
6279 1353
6280 1353
6281 1353
6282 1353
6283 1353
6284 1354
6285 1354
6286 1354
6287 1355
6288 1356
6289 1357
6290 1357
6291 1357
6292 1357
6293 1358
6294 1358
6295 1358
6296 1359
6297 1360
6298 1360
6299 1361
6300 1362
6301 1363
6302 1363
6303 1363
6304 1364
6305 1364
6306 1364
6307 1364
6308 1364
6309 1364
6310 1364
6311 1365
6312 1365
6313 1366
6314 1366
6315 1366
6316 1366
6317 1366
6318 1366
6319 1367
6320 1368
6321 1369
6322 1369
6323 1369
6324 1369
6325 1369
6326 1370
6327 1370
6328 1371
6329 1371
6330 1372
6331 1372
6332 1372
6333 1372
6334 1372
6335 1372
6336 1372
6337 1372
6338 1372
6339 1372
6340 1372
6341 1372
6342 1372
6343 1372
6344 1372
6345 1372
6346 1372
6347 1372
6348 1373
6349 1373
6350 1373
6351 1373
6352 1373
6353 1373
6354 1374
6355 1374
6356 1374
6357 1375
6358 1375
6359 1375
6360 1375
6361 1376
6362 1376
6363 1377
6364 1377
6365 1377
6366 1377
6367 1377
6368 1377
6369 1377
6370 1377
6371 1378
6372 1379
6373 1379
6374 1379
6375 1379
6376 1379
6377 1380
6378 1380
6379 1380
6380 1380
6381 1381
6382 1381
6383 1381
6384 1381
6385 1382
6386 1382
6387 1383
6388 1383
6389 1383
6390 1383
6391 1383
6392 1384
6393 1384
6394 1384
6395 1384
6396 1384
6397 1385
6398 1385
6399 1385
6400 1385
6401 1385
6402 1385
6403 1385
6404 1385
6405 1385
6406 1386
6407 1386
6408 1386
6409 1386
6410 1387
6411 1387
6412 1387
6413 1387
6414 1387
6415 1387
6416 1387
6417 1387
6418 1387
6419 1387
6420 1387
6421 1388
6422 1388
6423 1388
6424 1388
6425 1388
6426 1388
6427 1388
6428 1389
6429 1389
6430 1389
6431 1389
6432 1390
6433 1391
6434 1391
6435 1392
6436 1392
6437 1392
6438 1393
6439 1394
6440 1394
6441 1394
6442 1395
6443 1395
6444 1395
6445 1396
6446 1396
6447 1397
6448 1397
6449 1397
6450 1398
6451 1398
6452 1398
6453 1399
6454 1399
6455 1399
6456 1399
6457 1399
6458 1400
6459 1400
6460 1400
6461 1401
6462 1402
6463 1403
6464 1403
6465 1403
6466 1403
6467 1403
6468 1403
6469 1403
6470 1403
6471 1403
6472 1403
6473 1403
6474 1403
6475 1403
6476 1403
6477 1403
6478 1404
6479 1405
6480 1405
6481 1405
6482 1405
6483 1405
6484 1406
6485 1406
6486 1406
6487 1406
6488 1406
6489 1406
6490 1406
6491 1406
6492 1406
6493 1406
6494 1407
6495 1408
6496 1408
6497 1409
6498 1409
6499 1410
6500 1410
6501 1411
6502 1412
6503 1412
6504 1412
6505 1412
6506 1412
6507 1412
6508 1412
6509 1412
6510 1412
6511 1412
6512 1412
6513 1412
6514 1413
6515 1413
6516 1413
6517 1414
6518 1414
6519 1415
6520 1415
6521 1415
6522 1415
6523 1416
6524 1416
6525 1416
6526 1416
6527 1417
6528 1417
6529 1418
6530 1418
6531 1418
6532 1418
6533 1418
6534 1419
6535 1419
6536 1420
6537 1420
6538 1420
6539 1420
6540 1420
6541 1421
6542 1421
6543 1421
6544 1422
6545 1423
6546 1424
6547 1424
6548 1424
6549 1425
6550 1425
6551 1425
6552 1425
6553 1425
6554 1426
6555 1426
6556 1427
6557 1427
6558 1427
6559 1427
6560 1427
6561 1427
6562 1428
6563 1429
6564 1429
6565 1429
6566 1430
6567 1431
6568 1432
6569 1432
6570 1432
6571 1432
6572 1433
6573 1433
6574 1433
6575 1433
6576 1434
6577 1434
6578 1434
6579 1435
6580 1435
6581 1435
6582 1435
6583 1435
6584 1435
6585 1436
6586 1436
6587 1436
6588 1436
6589 1436
6590 1436
6591 1436
6592 1436
6593 1436
6594 1437
6595 1437
6596 1437
6597 1437
6598 1437
6599 1438
6600 1438
6601 1438
6602 1438
6603 1438
6604 1438
6605 1439
6606 1439
6607 1439
6608 1439
6609 1439
6610 1439
6611 1439
6612 1439
6613 1439
6614 1439
6615 1439
6616 1439
6617 1439
6618 1439
6619 1440
6620 1440
6621 1440
6622 1440
6623 1440
6624 1440
6625 1440
6626 1440
6627 1440
6628 1440
6629 1440
6630 1440
6631 1440
6632 1440
6633 1440
6634 1440
6635 1440
6636 1440
6637 1440
6638 1440
6639 1440
6640 1440
6641 1441
6642 1441
6643 1441
6644 1441
6645 1441
6646 1442
6647 1442
6648 1442
6649 1442
6650 1442
6651 1442
6652 1442
6653 1442
6654 1443
6655 1444
6656 1444
6657 1445
6658 1446
6659 1446
6660 1446
6661 1447
6662 1447
6663 1448
6664 1449
6665 1449
6666 1449
6667 1450
6668 1450
6669 1450
6670 1451
6671 1451
6672 1452
6673 1452
6674 1452
6675 1452
6676 1452
6677 1452
6678 1452
6679 1452
6680 1452
6681 1452
6682 1452
6683 1452
6684 1452
6685 1453
6686 1453
6687 1454
6688 1454
6689 1455
6690 1455
6691 1456
6692 1456
6693 1456
6694 1457
6695 1457
6696 1457
6697 1457
6698 1457
6699 1457
6700 1458
6701 1458
6702 1458
6703 1458
6704 1458
6705 1459
6706 1459
6707 1459
6708 1459
6709 1460
6710 1460
6711 1460
6712 1461
6713 1462
6714 1462
6715 1462
6716 1462
6717 1462
6718 1462
6719 1463
6720 1463
6721 1464
6722 1465
6723 1465
6724 1466
6725 1467
6726 1468
6727 1468
6728 1468
6729 1468
6730 1468
6731 1468
6732 1468
6733 1469
6734 1469
6735 1469
6736 1469
6737 1469
6738 1469
6739 1469
6740 1469
6741 1469
6742 1469
6743 1469
6744 1470
6745 1470
6746 1471
6747 1471
6748 1472
6749 1472
6750 1473
6751 1473
6752 1473
6753 1473
6754 1473
6755 1474
6756 1475
6757 1476
6758 1476
6759 1476
6760 1476
6761 1476
6762 1476
6763 1476
6764 1477
6765 1477
6766 1477
6767 1477
6768 1477
6769 1477
6770 1478
6771 1479
6772 1480
6773 1480
6774 1480
6775 1480
6776 1480
6777 1480
6778 1480
6779 1480
6780 1480
6781 1480
6782 1480
6783 1480
6784 1480
6785 1481
6786 1481
6787 1481
6788 1481
6789 1481
6790 1481
6791 1481
6792 1481
6793 1481
6794 1481
6795 1481
6796 1481
6797 1482
6798 1482
6799 1482
6800 1483
6801 1483
6802 1483
6803 1484
6804 1484
6805 1484
6806 1484
6807 1485
6808 1486
6809 1487
6810 1487
6811 1487
6812 1488
6813 1488
6814 1488
6815 1488
6816 1488
6817 1488
6818 1488
6819 1488
6820 1488
6821 1488
6822 1488
6823 1488
6824 1488
6825 1488
6826 1488
6827 1489
6828 1489
6829 1489
6830 1489
6831 1489
6832 1489
6833 1489
6834 1489
6835 1490
6836 1490
6837 1490
6838 1491
6839 1492
6840 1492
6841 1492
6842 1492
6843 1492
6844 1493
6845 1494
6846 1494
6847 1494
6848 1494
6849 1494
6850 1494
6851 1495
6852 1495
6853 1495
6854 1495
6855 1495
6856 1495
6857 1495
6858 1495
6859 1495
6860 1495
6861 1495
6862 1495
6863 1495
6864 1496
6865 1497
6866 1497
6867 1497
6868 1498
6869 1498
6870 1498
6871 1498
6872 1499
6873 1499
6874 1499
6875 1500
6876 1500
6877 1500
6878 1500
6879 1500
6880 1501
6881 1502
6882 1502
6883 1503
6884 1503
6885 1503
6886 1503
6887 1503
6888 1503
6889 1504
6890 1504
6891 1505
6892 1505
6893 1506
6894 1506
6895 1506
6896 1506
6897 1506
6898 1506
6899 1507
6900 1507
6901 1508
6902 1508
6903 1508
6904 1508
6905 1508
6906 1508
6907 1508
6908 1509
6909 1509
6910 1509
6911 1509
6912 1509
6913 1509
6914 1509
6915 1509
6916 1509
6917 1509
6918 1509
6919 1510
6920 1511
6921 1511
6922 1511
6923 1511
6924 1511
6925 1511
6926 1512
6927 1513
6928 1513
6929 1513
6930 1513
6931 1514
6932 1515
6933 1515
6934 1515
6935 1515
6936 1516
6937 1517
6938 1518
6939 1518
6940 1518
6941 1518
6942 1518
6943 1518
6944 1518
6945 1518
6946 1518
6947 1518
6948 1518
6949 1518
6950 1518
6951 1518
6952 1518
6953 1518
6954 1518
6955 1518
6956 1518
6957 1518
6958 1518
6959 1518
6960 1518
6961 1518
6962 1518
6963 1518
6964 1518
6965 1518
6966 1519
6967 1519
6968 1519
6969 1519
6970 1519
6971 1519
6972 1519
6973 1519
6974 1519
6975 1519
6976 1519
6977 1519
6978 1519
6979 1519
6980 1520
6981 1521
6982 1521
6983 1521
6984 1521
6985 1521
6986 1521
6987 1522
6988 1522
6989 1522
6990 1522
6991 1522
6992 1522
6993 1522
6994 1522
6995 1522
6996 1523
6997 1524
6998 1525
6999 1525
7000 1525
7001 1525
7002 1525
7003 1525
7004 1526
7005 1527
7006 1528
7007 1528
7008 1528
7009 1528
7010 1528
7011 1529
7012 1529
7013 1529
7014 1530
7015 1530
7016 1530
7017 1530
7018 1530
7019 1530
7020 1531
7021 1531
7022 1532
7023 1533
7024 1533
7025 1533
7026 1533
7027 1533
7028 1533
7029 1533
7030 1534
7031 1535
7032 1535
7033 1535
7034 1535
7035 1535
7036 1536
7037 1536
7038 1536
7039 1536
7040 1536
7041 1537
7042 1537
7043 1537
7044 1537
7045 1538
7046 1538
7047 1538
7048 1538
7049 1538
7050 1538
7051 1538
7052 1538
7053 1538
7054 1538
7055 1538
7056 1538
7057 1538
7058 1538
7059 1538
7060 1539
7061 1539
7062 1539
7063 1539
7064 1539
7065 1539
7066 1539
7067 1539
7068 1540
7069 1540
7070 1540
7071 1540
7072 1540
7073 1541
7074 1541
7075 1542
7076 1542
7077 1543
7078 1543
7079 1543
7080 1543
7081 1544
7082 1544
7083 1544
7084 1544
7085 1544
7086 1545
7087 1545
7088 1545
7089 1546
7090 1546
7091 1546
7092 1546
7093 1547
7094 1547
7095 1548
7096 1549
7097 1550
7098 1550
7099 1550
7100 1550
7101 1550
7102 1550
7103 1550
7104 1550
7105 1550
7106 1550
7107 1550
7108 1550
7109 1551
7110 1552
7111 1552
7112 1552
7113 1552
7114 1552
7115 1552
7116 1552
7117 1552
7118 1552
7119 1552
7120 1552
7121 1552
7122 1552
7123 1552
7124 1552
7125 1552
7126 1552
7127 1552
7128 1552
7129 1552
7130 1552
7131 1552
7132 1553
7133 1553
7134 1554
7135 1555
7136 1555
7137 1555
7138 1556
7139 1557
7140 1557
7141 1557
7142 1557
7143 1557
7144 1557
7145 1557
7146 1557
7147 1557
7148 1557
7149 1557
7150 1557
7151 1558
7152 1558
7153 1558
7154 1558
7155 1558
7156 1558
7157 1558
7158 1558
7159 1558
7160 1558
7161 1558
7162 1558
7163 1558
7164 1558
7165 1558
7166 1559
7167 1560
7168 1560
7169 1561
7170 1561
7171 1562
7172 1563
7173 1563
7174 1564
7175 1564
7176 1565
7177 1565
7178 1565
7179 1565
7180 1565
7181 1565
7182 1565
7183 1565
7184 1565
7185 1566
7186 1566
7187 1566
7188 1566
7189 1566
7190 1566
7191 1566
7192 1566
7193 1566
7194 1566
7195 1566
7196 1567
7197 1567
7198 1567
7199 1568
7200 1568
7201 1568
7202 1568
7203 1569
7204 1570
7205 1570
7206 1570
7207 1570
7208 1570
7209 1570
7210 1571
7211 1571
7212 1571
7213 1571
7214 1571
7215 1571
7216 1571
7217 1572
7218 1572
7219 1573
7220 1573
7221 1573
7222 1573
7223 1573
7224 1573
7225 1573
7226 1573
7227 1574
7228 1575
7229 1575
7230 1575
7231 1575
7232 1575
7233 1576
7234 1576
7235 1576
7236 1576
7237 1577
7238 1577
7239 1578
7240 1579
7241 1580
7242 1580
7243 1580
7244 1580
7245 1580
7246 1580
7247 1580
7248 1580
7249 1581
7250 1581
7251 1581
7252 1581
7253 1581
7254 1581
7255 1581
7256 1581
7257 1581
7258 1581
7259 1581
7260 1581
7261 1581
7262 1581
7263 1581
7264 1581
7265 1581
7266 1582
7267 1582
7268 1582
7269 1582
7270 1582
7271 1582
7272 1583
7273 1583
7274 1583
7275 1583
7276 1583
7277 1584
7278 1584
7279 1584
7280 1584
7281 1584
7282 1584
7283 1585
7284 1585
7285 1585
7286 1585
7287 1585
7288 1585
7289 1586
7290 1586
7291 1586
7292 1586
7293 1586
7294 1586
7295 1586
7296 1586
7297 1586
7298 1586
7299 1586
7300 1587
7301 1588
7302 1588
7303 1588
7304 1588
7305 1588
7306 1588
7307 1588
7308 1589
7309 1589
7310 1589
7311 1590
7312 1591
7313 1592
7314 1592
7315 1592
7316 1592
7317 1593
7318 1593
7319 1594
7320 1594
7321 1594
7322 1595
7323 1595
7324 1595
7325 1596
7326 1596
7327 1596
7328 1596
7329 1596
7330 1596
7331 1596
7332 1596
7333 1597
7334 1597
7335 1597
7336 1597
7337 1598
7338 1598
7339 1598
7340 1598
7341 1598
7342 1598
7343 1599
7344 1600
7345 1601
7346 1601
7347 1601
7348 1601
7349 1601
7350 1602
7351 1603
7352 1604
7353 1605
7354 1605
7355 1605
7356 1605
7357 1605
7358 1606
7359 1606
7360 1606
7361 1606
7362 1607
7363 1607
7364 1607
7365 1607
7366 1608
7367 1608
7368 1608
7369 1608
7370 1609
7371 1609
7372 1610
7373 1610
7374 1610
7375 1610
7376 1611
7377 1612
7378 1612
7379 1612
7380 1612
7381 1612
7382 1612
7383 1612
7384 1612
7385 1612
7386 1613
7387 1614
7388 1614
7389 1615
7390 1615
7391 1615
7392 1616
7393 1617
7394 1617
7395 1617
7396 1617
7397 1617
7398 1617
7399 1617
7400 1617
7401 1617
7402 1617
7403 1617
7404 1617
7405 1618
7406 1618
7407 1619
7408 1619
7409 1620
7410 1620
7411 1621
7412 1621
7413 1621
7414 1621
7415 1622
7416 1623
7417 1623
7418 1624
7419 1624
7420 1625
7421 1625
7422 1625
7423 1625
7424 1625
7425 1626
7426 1626
7427 1627
7428 1627
7429 1627
7430 1627
7431 1627
7432 1628
7433 1628
7434 1628
7435 1629
7436 1629
7437 1629
7438 1629
7439 1629
7440 1630
7441 1630
7442 1630
7443 1630
7444 1630
7445 1630
7446 1630
7447 1630
7448 1631
7449 1631
7450 1631
7451 1632
7452 1632
7453 1632
7454 1633
7455 1634
7456 1634
7457 1634
7458 1634
7459 1634
7460 1634
7461 1634
7462 1635
7463 1636
7464 1636
7465 1636
7466 1636
7467 1636
7468 1637
7469 1637
7470 1638
7471 1638
7472 1639
7473 1639
7474 1639
7475 1640
7476 1640
7477 1640
7478 1640
7479 1641
7480 1641
7481 1642
7482 1642
7483 1642
7484 1642
7485 1642
7486 1643
7487 1643
7488 1644
7489 1644
7490 1645
7491 1646
7492 1647
7493 1648
7494 1649
7495 1649
7496 1649
7497 1649
7498 1650
7499 1650
7500 1650
7501 1650
7502 1650
7503 1650
7504 1650
7505 1650
7506 1650
7507 1650
7508 1650
7509 1650
7510 1650
7511 1650
7512 1650
7513 1650
7514 1651
7515 1651
7516 1651
7517 1651
7518 1651
7519 1651
7520 1651
7521 1651
7522 1651
7523 1651
7524 1651
7525 1651
7526 1651
7527 1651
7528 1651
7529 1652
7530 1652
7531 1653
7532 1653
7533 1654
7534 1654
7535 1654
7536 1654
7537 1654
7538 1654
7539 1654
7540 1654
7541 1654
7542 1655
7543 1656
7544 1656
7545 1656
7546 1657
7547 1657
7548 1657
7549 1657
7550 1658
7551 1659
7552 1660
7553 1660
7554 1660
7555 1660
7556 1660
7557 1660
7558 1660
7559 1661
7560 1661
7561 1662
7562 1662
7563 1662
7564 1662
7565 1663
7566 1663
7567 1663
7568 1664
7569 1664
7570 1664
7571 1665
7572 1665
7573 1665
7574 1665
7575 1665
7576 1665
7577 1665
7578 1665
7579 1665
7580 1665
7581 1665
7582 1665
7583 1665
7584 1665
7585 1665
7586 1665
7587 1665
7588 1665
7589 1665
7590 1666
7591 1667
7592 1667
7593 1667
7594 1668
7595 1669
7596 1669
7597 1669
7598 1670
7599 1670
7600 1670
7601 1671
7602 1671
7603 1671
7604 1672
7605 1672
7606 1672
7607 1672
7608 1672
7609 1672
7610 1672
7611 1672
7612 1672
7613 1672
7614 1672
7615 1672
7616 1672
7617 1672
7618 1672
7619 1672
7620 1672
7621 1673
7622 1673
7623 1673
7624 1673
7625 1674
7626 1674
7627 1674
7628 1674
7629 1675
7630 1675
7631 1676
7632 1676
7633 1676
7634 1676
7635 1676
7636 1676
7637 1677
7638 1678
7639 1679
7640 1679
7641 1679
7642 1679
7643 1679
7644 1679
7645 1679
7646 1679
7647 1679
7648 1679
7649 1679
7650 1679
7651 1679
7652 1679
7653 1679
7654 1679
7655 1679
7656 1680
7657 1680
7658 1680
7659 1680
7660 1681
7661 1682
7662 1682
7663 1683
7664 1683
7665 1683
7666 1683
7667 1684
7668 1684
7669 1684
7670 1685
7671 1686
7672 1686
7673 1686
7674 1686
7675 1686
7676 1686
7677 1687
7678 1687
7679 1687
7680 1687
7681 1687
7682 1687
7683 1687
7684 1688
7685 1688
7686 1688
7687 1688
7688 1688
7689 1688
7690 1688
7691 1688
7692 1689
7693 1689
7694 1689
7695 1689
7696 1689
7697 1689
7698 1689
7699 1689
7700 1689
7701 1689
7702 1689
7703 1689
7704 1689
7705 1689
7706 1689
7707 1689
7708 1690
7709 1691
7710 1691
7711 1691
7712 1691
7713 1691
7714 1691
7715 1691
7716 1691
7717 1691
7718 1691
7719 1691
7720 1691
7721 1691
7722 1691
7723 1691
7724 1691
7725 1691
7726 1691
7727 1691
7728 1692
7729 1692
7730 1693
7731 1693
7732 1693
7733 1694
7734 1694
7735 1695
7736 1695
7737 1696
7738 1696
7739 1696
7740 1696
7741 1696
7742 1696
7743 1696
7744 1696
7745 1697
7746 1697
7747 1697
7748 1698
7749 1698
7750 1699
7751 1699
7752 1699
7753 1699
7754 1699
7755 1700
7756 1700
7757 1700
7758 1700
7759 1700
7760 1700
7761 1700
7762 1700
7763 1700
7764 1700
7765 1700
7766 1700
7767 1700
7768 1701
7769 1701
7770 1701
7771 1702
7772 1702
7773 1702
7774 1702
7775 1703
7776 1703
7777 1703
7778 1703
7779 1703
7780 1703
7781 1704
7782 1704
7783 1704
7784 1704
7785 1704
7786 1704
7787 1704
7788 1704
7789 1704
7790 1704
7791 1704
7792 1704
7793 1704
7794 1704
7795 1704
7796 1704
7797 1704
7798 1704
7799 1704
7800 1704
7801 1704
7802 1705
7803 1706
7804 1707
7805 1708
7806 1708
7807 1708
7808 1708
7809 1708
7810 1709
7811 1709
7812 1710
7813 1711
7814 1711
7815 1711
7816 1712
7817 1713
7818 1713
7819 1713
7820 1713
7821 1713
7822 1714
7823 1714
7824 1714
7825 1714
7826 1714
7827 1714
7828 1715
7829 1715
7830 1716
7831 1716
7832 1716
7833 1716
7834 1717
7835 1717
7836 1717
7837 1717
7838 1717
7839 1718
7840 1718
7841 1719
7842 1720
7843 1720
7844 1721
7845 1722
7846 1722
7847 1722
7848 1722
7849 1723
7850 1723
7851 1723
7852 1723
7853 1723
7854 1724
7855 1725
7856 1725
7857 1725
7858 1726
7859 1726
7860 1726
7861 1726
7862 1727
7863 1728
7864 1728
7865 1728
7866 1728
7867 1728
7868 1728
7869 1729
7870 1729
7871 1729
7872 1729
7873 1729
7874 1730
7875 1730
7876 1730
7877 1731
7878 1732
7879 1733
7880 1733
7881 1734
7882 1734
7883 1734
7884 1734
7885 1734
7886 1734
7887 1735
7888 1735
7889 1735
7890 1735
7891 1735
7892 1735
7893 1735
7894 1735
7895 1735
7896 1735
7897 1736
7898 1737
7899 1738
7900 1738
7901 1738
7902 1739
7903 1740
7904 1740
7905 1740
7906 1740
7907 1740
7908 1741
7909 1741
7910 1741
7911 1742
7912 1743
7913 1743
7914 1743
7915 1743
7916 1744
7917 1744
7918 1745
7919 1746
7920 1746
7921 1747
7922 1747
7923 1747
7924 1747
7925 1747
7926 1747
7927 1747
7928 1747
7929 1748
7930 1748
7931 1748
7932 1748
7933 1748
7934 1748
7935 1748
7936 1748
7937 1749
7938 1749
7939 1749
7940 1749
7941 1749
7942 1749
7943 1749
7944 1749
7945 1749
7946 1749
7947 1749
7948 1750
7949 1751
7950 1752
7951 1752
7952 1753
7953 1753
7954 1754
7955 1755
7956 1755
7957 1755
7958 1755
7959 1755
7960 1755
7961 1756
7962 1756
7963 1757
7964 1757
7965 1757
7966 1757
7967 1757
7968 1757
7969 1758
7970 1758
7971 1758
7972 1759
7973 1759
7974 1759
7975 1759
7976 1759
7977 1759
7978 1759
7979 1759
7980 1759
7981 1759
7982 1760
7983 1761
7984 1762
7985 1763
7986 1764
7987 1764
7988 1764
7989 1764
7990 1764
7991 1764
7992 1764
7993 1764
7994 1765
7995 1766
7996 1767
7997 1767
7998 1767
7999 1767
8000 1767
8001 1767
8002 1768
8003 1769
8004 1770
8005 1770
8006 1771
8007 1771
8008 1771
8009 1771
8010 1771
8011 1771
8012 1771
8013 1772
8014 1772
8015 1772
8016 1772
8017 1772
8018 1772
8019 1773
8020 1773
8021 1773
8022 1774
8023 1774
8024 1774
8025 1774
8026 1774
8027 1774
8028 1775
8029 1775
8030 1775
8031 1776
8032 1776
8033 1776
8034 1776
8035 1776
8036 1777
8037 1777
8038 1777
8039 1778
8040 1778
8041 1778
8042 1778
8043 1779
8044 1780
8045 1780
8046 1781
8047 1781
8048 1781
8049 1781
8050 1781
8051 1781
8052 1781
8053 1781
8054 1781
8055 1782
8056 1783
8057 1783
8058 1784
8059 1784
8060 1785
8061 1785
8062 1785
8063 1785
8064 1786
8065 1786
8066 1786
8067 1786
8068 1786
8069 1786
8070 1786
8071 1786
8072 1786
8073 1786
8074 1786
8075 1787
8076 1787
8077 1788
8078 1788
8079 1788
8080 1788
8081 1788
8082 1789
8083 1789
8084 1789
8085 1790
8086 1791
8087 1792
8088 1793
8089 1793
8090 1793
8091 1793
8092 1793
8093 1794
8094 1795
8095 1795
8096 1796
8097 1797
8098 1797
8099 1797
8100 1797
8101 1797
8102 1798
8103 1799
8104 1799
8105 1799
8106 1799
8107 1799
8108 1799
8109 1800
8110 1800
8111 1800
8112 1800
8113 1800
8114 1800
8115 1801
8116 1802
8117 1802
8118 1802
8119 1803
8120 1803
8121 1803
8122 1803
8123 1803
8124 1803
8125 1803
8126 1803
8127 1803
8128 1804
8129 1804
8130 1804
8131 1804
8132 1804
8133 1804
8134 1804
8135 1804
8136 1804
8137 1804
8138 1805
8139 1805
8140 1805
8141 1805
8142 1805
8143 1805
8144 1806
8145 1807
8146 1807
8147 1807
8148 1807
8149 1807
8150 1807
8151 1808
8152 1808
8153 1808
8154 1808
8155 1808
8156 1808
8157 1808
8158 1808
8159 1808
8160 1808
8161 1808
8162 1808
8163 1809
8164 1810
8165 1810
8166 1810
8167 1811
8168 1811
8169 1811
8170 1811
8171 1811
8172 1812
8173 1812
8174 1813
8175 1813
8176 1813
8177 1813
8178 1813
8179 1813
8180 1814
8181 1814
8182 1814
8183 1814
8184 1815
8185 1816
8186 1816
8187 1817
8188 1817
8189 1818
8190 1818
8191 1818
8192 1818
8193 1818
8194 1818
8195 1818
8196 1819
8197 1819
8198 1820
8199 1820
8200 1820
8201 1821
8202 1822
8203 1823
8204 1823
8205 1823
8206 1823
8207 1823
8208 1823
8209 1823
8210 1823
8211 1823
8212 1824
8213 1824
8214 1825
8215 1825
8216 1826
8217 1827
8218 1828
8219 1828
8220 1828
8221 1828
8222 1829
8223 1829
8224 1829
8225 1830
8226 1830
8227 1830
8228 1830
8229 1830
8230 1830
8231 1830
8232 1831
8233 1831
8234 1831
8235 1831
8236 1832
8237 1832
8238 1832
8239 1832
8240 1832
8241 1833
8242 1833
8243 1833
8244 1833
8245 1833
8246 1833
8247 1833
8248 1834
8249 1834
8250 1835
8251 1835
8252 1835
8253 1835
8254 1835
8255 1835
8256 1835
8257 1835
8258 1835
8259 1835
8260 1835
8261 1836
8262 1836
8263 1836
8264 1836
8265 1836
8266 1836
8267 1836
8268 1836
8269 1836
8270 1837
8271 1838
8272 1838
8273 1838
8274 1838
8275 1838
8276 1839
8277 1839
8278 1839
8279 1839
8280 1839
8281 1840
8282 1840
8283 1840
8284 1840
8285 1840
8286 1840
8287 1840
8288 1841
8289 1841
8290 1842
8291 1842
8292 1842
8293 1842
8294 1843
8295 1843
8296 1843
8297 1843
8298 1844
8299 1845
8300 1845
8301 1845
8302 1845
8303 1845
8304 1845
8305 1845
8306 1845
8307 1845
8308 1846
8309 1846
8310 1846
8311 1846
8312 1846
8313 1846
8314 1846
8315 1847
8316 1847
8317 1847
8318 1847
8319 1847
8320 1847
8321 1847
8322 1848
8323 1848
8324 1848
8325 1849
8326 1849
8327 1850
8328 1850
8329 1850
8330 1850
8331 1850
8332 1850
8333 1850
8334 1850
8335 1851
8336 1852
8337 1852
8338 1852
8339 1852
8340 1852
8341 1852
8342 1852
8343 1853
8344 1853
8345 1853
8346 1854
8347 1854
8348 1854
8349 1854
8350 1854
8351 1854
8352 1854
8353 1854
8354 1854
8355 1854
8356 1854
8357 1854
8358 1854
8359 1854
8360 1854
8361 1854
8362 1854
8363 1854
8364 1854
8365 1854
8366 1854
8367 1855
8368 1855
8369 1855
8370 1855
8371 1855
8372 1856
8373 1856
8374 1857
8375 1857
8376 1857
8377 1857
8378 1857
8379 1858
8380 1858
8381 1858
8382 1858
8383 1859
8384 1860
8385 1861
8386 1861
8387 1861
8388 1861
8389 1861
8390 1861
8391 1861
8392 1861
8393 1861
8394 1861
8395 1862
8396 1862
8397 1863
8398 1863
8399 1863
8400 1864
8401 1864
8402 1864
8403 1864
8404 1864
8405 1864
8406 1864
8407 1865
8408 1866
8409 1866
8410 1866
8411 1866
8412 1867
8413 1867
8414 1867
8415 1867
8416 1867
8417 1867
8418 1867
8419 1867
8420 1867
8421 1867
8422 1867
8423 1867
8424 1868
8425 1869
8426 1869
8427 1869
8428 1870
8429 1870
8430 1870
8431 1870
8432 1870
8433 1870
8434 1870
8435 1870
8436 1871
8437 1871
8438 1872
8439 1872
8440 1872
8441 1872
8442 1872
8443 1872
8444 1872
8445 1872
8446 1872
8447 1872
8448 1872
8449 1872
8450 1873
8451 1873
8452 1873
8453 1873
8454 1873
8455 1873
8456 1873
8457 1874
8458 1874
8459 1875
8460 1876
8461 1876
8462 1876
8463 1876
8464 1877
8465 1877
8466 1877
8467 1878
8468 1878
8469 1878
8470 1879
8471 1879
8472 1879
8473 1879
8474 1879
8475 1880
8476 1881
8477 1882
8478 1882
8479 1882
8480 1882
8481 1882
8482 1882
8483 1883
8484 1883
8485 1884
8486 1885
8487 1885
8488 1886
8489 1886
8490 1886
8491 1886
8492 1887
8493 1887
8494 1888
8495 1888
8496 1889
8497 1890
8498 1890
8499 1890
8500 1890
8501 1890
8502 1890
8503 1890
8504 1890
8505 1891
8506 1892
8507 1892
8508 1893
8509 1894
8510 1894
8511 1894
8512 1894
8513 1895
8514 1895
8515 1895
8516 1896
8517 1896
8518 1896
8519 1897
8520 1897
8521 1897
8522 1897
8523 1897
8524 1897
8525 1897
8526 1897
8527 1897
8528 1898
8529 1899
8530 1900
8531 1901
8532 1901
8533 1901
8534 1902
8535 1902
8536 1902
8537 1902
8538 1902
8539 1902
8540 1903
8541 1903
8542 1903
8543 1903
8544 1904
8545 1904
8546 1904
8547 1904
8548 1905
8549 1906
8550 1906
8551 1906
8552 1906
8553 1906
8554 1906
8555 1906
8556 1907
8557 1908
8558 1908
8559 1908
8560 1908
8561 1908
8562 1909
8563 1909
8564 1909
8565 1909
8566 1909
8567 1909
8568 1909
8569 1909
8570 1910
8571 1910
8572 1910
8573 1911
8574 1912
8575 1913
8576 1913
8577 1913
8578 1913
8579 1913
8580 1914
8581 1915
8582 1915
8583 1915
8584 1915
8585 1916
8586 1916
8587 1916
8588 1916
8589 1917
8590 1917
8591 1917
8592 1917
8593 1918
8594 1918
8595 1918
8596 1918
8597 1918
8598 1918
8599 1918
8600 1919
8601 1919
8602 1920
8603 1921
8604 1921
8605 1921
8606 1921
8607 1922
8608 1922
8609 1922
8610 1923
8611 1924
8612 1924
8613 1924
8614 1925
8615 1925
8616 1925
8617 1926
8618 1926
8619 1927
8620 1927
8621 1927
8622 1927
8623 1927
8624 1927
8625 1927
8626 1927
8627 1927
8628 1928
8629 1928
8630 1928
8631 1928
8632 1928
8633 1928
8634 1928
8635 1929
8636 1929
8637 1929
8638 1929
8639 1930
8640 1931
8641 1932
8642 1932
8643 1932
8644 1932
8645 1933
8646 1933
8647 1933
8648 1933
8649 1934
8650 1934
8651 1935
8652 1936
8653 1936
8654 1937
8655 1937
8656 1937
8657 1937
8658 1937
8659 1937
8660 1937
8661 1937
8662 1937
8663 1938
8664 1938
8665 1938
8666 1938
8667 1939
8668 1939
8669 1939
8670 1939
8671 1939
8672 1940
8673 1940
8674 1941
8675 1942
8676 1943
8677 1944
8678 1945
8679 1945
8680 1946
8681 1946
8682 1946
8683 1946
8684 1946
8685 1946
8686 1946
8687 1947
8688 1947
8689 1947
8690 1947
8691 1948
8692 1948
8693 1948
8694 1948
8695 1948
8696 1948
8697 1948
8698 1948
8699 1948
8700 1948
8701 1948
8702 1948
8703 1948
8704 1948
8705 1949
8706 1949
8707 1949
8708 1950
8709 1950
8710 1951
8711 1951
8712 1951
8713 1951
8714 1951
8715 1951
8716 1951
8717 1951
8718 1951
8719 1951
8720 1951
8721 1951
8722 1951
8723 1952
8724 1952
8725 1953
8726 1953
8727 1954
8728 1954
8729 1954
8730 1954
8731 1954
8732 1955
8733 1956
8734 1957
8735 1957
8736 1957
8737 1957
8738 1957
8739 1958
8740 1958
8741 1958
8742 1958
8743 1959
8744 1959
8745 1959
8746 1959
8747 1960
8748 1960
8749 1961
8750 1961
8751 1961
8752 1961
8753 1961
8754 1961
8755 1962
8756 1962
8757 1962
8758 1962
8759 1962
8760 1962
8761 1962
8762 1963
8763 1963
8764 1963
8765 1964
8766 1964
8767 1964
8768 1965
8769 1966
8770 1966
8771 1967
8772 1968
8773 1968
8774 1968
8775 1968
8776 1968
8777 1968
8778 1968
8779 1968
8780 1968
8781 1968
8782 1968
8783 1968
8784 1968
8785 1968
8786 1968
8787 1968
8788 1968
8789 1968
8790 1968
8791 1969
8792 1969
8793 1969
8794 1970
8795 1970
8796 1970
8797 1971
8798 1971
8799 1971
8800 1971
8801 1971
8802 1972
8803 1972
8804 1972
8805 1972
8806 1972
8807 1972
8808 1972
8809 1973
8810 1974
8811 1974
8812 1974
8813 1974
8814 1974
8815 1974
8816 1974
8817 1974
8818 1975
8819 1975
8820 1976
8821 1976
8822 1976
8823 1976
8824 1976
8825 1976
8826 1976
8827 1976
8828 1976
8829 1976
8830 1977
8831 1978
8832 1978
8833 1978
8834 1978
8835 1978
8836 1978
8837 1978
8838 1978
8839 1978
8840 1979
8841 1980
8842 1980
8843 1980
8844 1981
8845 1981
8846 1981
8847 1982
8848 1982
8849 1982
8850 1982
8851 1982
8852 1982
8853 1983
8854 1984
8855 1984
8856 1984
8857 1985
8858 1985
8859 1985
8860 1985
8861 1985
8862 1985
8863 1985
8864 1985
8865 1985
8866 1985
8867 1986
8868 1986
8869 1986
8870 1986
8871 1987
8872 1987
8873 1988
8874 1988
8875 1988
8876 1988
8877 1988
8878 1988
8879 1988
8880 1988
8881 1988
8882 1988
8883 1988
8884 1988
8885 1988
8886 1988
8887 1988
8888 1988
8889 1989
8890 1989
8891 1989
8892 1990
8893 1990
8894 1990
8895 1990
8896 1990
8897 1990
8898 1990
8899 1990
8900 1991
8901 1991
8902 1991
8903 1991
8904 1992
8905 1992
8906 1993
8907 1993
8908 1993
8909 1993
8910 1994
8911 1994
8912 1994
8913 1994
8914 1995
8915 1995
8916 1995
8917 1995
8918 1995
8919 1995
8920 1995
8921 1995
8922 1995
8923 1995
8924 1995
8925 1995
8926 1995
8927 1996
8928 1996
8929 1997
8930 1997
8931 1997
8932 1997
8933 1997
8934 1997
8935 1998
8936 1998
8937 1998
8938 1998
8939 1998
8940 1998
8941 1998
8942 1998
8943 1998
8944 1999
8945 2000
8946 2000
8947 2000
8948 2000
8949 2001
8950 2001
8951 2001
8952 2002
8953 2003
8954 2003
8955 2004
8956 2004
8957 2004
8958 2004
8959 2004
8960 2004
8961 2004
8962 2005
8963 2006
8964 2006
8965 2006
8966 2006
8967 2006
8968 2006
8969 2006
8970 2006
8971 2007
8972 2008
8973 2008
8974 2008
8975 2008
8976 2009
8977 2010
8978 2010
8979 2010
8980 2010
8981 2010
8982 2010
8983 2010
8984 2010
8985 2011
8986 2011
8987 2011
8988 2012
8989 2012
8990 2012
8991 2012
8992 2012
8993 2013
8994 2013
8995 2013
8996 2013
8997 2013
8998 2013
8999 2013
9000 2013
9001 2014
9002 2014
9003 2014
9004 2014
9005 2014
9006 2014
9007 2014
9008 2015
9009 2015
9010 2015
9011 2015
9012 2015
9013 2015
9014 2015
9015 2015
9016 2015
9017 2015
9018 2015
9019 2015
9020 2015
9021 2015
9022 2016
9023 2017
9024 2017
9025 2018
9026 2018
9027 2018
9028 2018
9029 2019
9030 2019
9031 2020
9032 2020
9033 2020
9034 2021
9035 2021
9036 2021
9037 2021
9038 2021
9039 2022
9040 2023
9041 2023
9042 2023
9043 2023
9044 2024
9045 2024
9046 2024
9047 2024
9048 2024
9049 2024
9050 2025
9051 2025
9052 2026
9053 2026
9054 2026
9055 2027
9056 2027
9057 2027
9058 2028
9059 2028
9060 2029
9061 2029
9062 2029
9063 2029
9064 2029
9065 2029
9066 2029
9067 2030
9068 2030
9069 2030
9070 2030
9071 2030
9072 2031
9073 2032
9074 2033
9075 2033
9076 2033
9077 2034
9078 2034
9079 2034
9080 2034
9081 2035
9082 2036
9083 2036
9084 2037
9085 2037
9086 2037
9087 2037
9088 2038
9089 2038
9090 2038
9091 2038
9092 2038
9093 2039
9094 2039
9095 2039
9096 2039
9097 2039
9098 2039
9099 2039
9100 2040
9101 2041
9102 2041
9103 2041
9104 2041
9105 2041
9106 2041
9107 2041
9108 2042
9109 2042
9110 2042
9111 2042
9112 2042
9113 2042
9114 2042
9115 2042
9116 2042
9117 2042
9118 2042
9119 2042
9120 2043
9121 2043
9122 2044
9123 2044
9124 2045
9125 2045
9126 2045
9127 2046
9128 2046
9129 2046
9130 2046
9131 2046
9132 2046
9133 2046
9134 2046
9135 2046
9136 2047
9137 2047
9138 2047
9139 2047
9140 2047
9141 2047
9142 2047
9143 2047
9144 2047
9145 2047
9146 2047
9147 2047
9148 2047
9149 2047
9150 2047
9151 2048
9152 2049
9153 2050
9154 2050
9155 2051
9156 2052
9157 2052
9158 2052
9159 2052
9160 2052
9161 2052
9162 2053
9163 2053
9164 2053
9165 2053
9166 2053
9167 2053
9168 2053
9169 2053
9170 2054
9171 2054
9172 2054
9173 2054
9174 2055
9175 2056
9176 2056
9177 2057
9178 2058
9179 2058
9180 2058
9181 2058
9182 2058
9183 2058
9184 2058
9185 2059
9186 2059
9187 2059
9188 2060
9189 2061
9190 2061
9191 2061
9192 2061
9193 2061
9194 2061
9195 2062
9196 2062
9197 2062
9198 2062
9199 2062
9200 2062
9201 2062
9202 2062
9203 2062
9204 2062
9205 2062
9206 2062
9207 2062
9208 2062
9209 2062
9210 2062
9211 2062
9212 2062
9213 2062
9214 2063
9215 2063
9216 2064
9217 2064
9218 2064
9219 2064
9220 2064
9221 2064
9222 2064
9223 2064
9224 2064
9225 2065
9226 2066
9227 2066
9228 2067
9229 2068
9230 2068
9231 2068
9232 2069
9233 2069
9234 2070
9235 2070
9236 2070
9237 2071
9238 2071
9239 2071
9240 2071
9241 2072
9242 2073
9243 2073
9244 2073
9245 2073
9246 2073
9247 2073
9248 2074
9249 2074
9250 2074
9251 2075
9252 2075
9253 2075
9254 2075
9255 2076
9256 2076
9257 2076
9258 2076
9259 2077
9260 2077
9261 2078
9262 2078
9263 2078
9264 2078
9265 2079
9266 2080
9267 2080
9268 2081
9269 2081
9270 2081
9271 2081
9272 2081
9273 2082
9274 2082
9275 2082
9276 2082
9277 2082
9278 2082
9279 2083
9280 2083
9281 2083
9282 2084
9283 2084
9284 2084
9285 2085
9286 2085
9287 2085
9288 2085
9289 2085
9290 2085
9291 2085
9292 2086
9293 2086
9294 2087
9295 2087
9296 2087
9297 2087
9298 2087
9299 2088
9300 2088
9301 2088
9302 2089
9303 2090
9304 2090
9305 2091
9306 2091
9307 2091
9308 2091
9309 2091
9310 2091
9311 2092
9312 2092
9313 2092
9314 2092
9315 2093
9316 2093
9317 2094
9318 2095
9319 2095
9320 2095
9321 2095
9322 2095
9323 2095
9324 2096
9325 2097
9326 2098
9327 2099
9328 2099
9329 2100
9330 2100
9331 2100
9332 2100
9333 2100
9334 2100
9335 2100
9336 2101
9337 2101
9338 2101
9339 2101
9340 2102
9341 2102
9342 2102
9343 2103
9344 2103
9345 2103
9346 2103
9347 2103
9348 2103
9349 2103
9350 2103
9351 2103
9352 2103
9353 2104
9354 2104
9355 2104
9356 2105
9357 2105
9358 2105
9359 2105
9360 2105
9361 2105
9362 2105
9363 2106
9364 2107
9365 2107
9366 2107
9367 2107
9368 2107
9369 2107
9370 2107
9371 2108
9372 2109
9373 2109
9374 2109
9375 2109
9376 2110
9377 2110
9378 2110
9379 2110
9380 2110
9381 2110
9382 2111
9383 2111
9384 2111
9385 2112
9386 2113
9387 2114
9388 2114
9389 2114
9390 2114
9391 2115
9392 2116
9393 2116
9394 2116
9395 2117
9396 2117
9397 2117
9398 2117
9399 2117
9400 2117
9401 2117
9402 2117
9403 2117
9404 2118
9405 2118
9406 2118
9407 2119
9408 2119
9409 2119
9410 2119
9411 2120
9412 2120
9413 2120
9414 2121
9415 2121
9416 2122
9417 2122
9418 2122
9419 2122
9420 2123
9421 2124
9422 2124
9423 2125
9424 2125
9425 2126
9426 2126
9427 2126
9428 2126
9429 2127
9430 2127
9431 2128
9432 2128
9433 2129
9434 2129
9435 2129
9436 2129
9437 2129
9438 2130
9439 2131
9440 2131
9441 2132
9442 2132
9443 2132
9444 2132
9445 2132
9446 2133
9447 2134
9448 2134
9449 2135
9450 2135
9451 2135
9452 2135
9453 2136
9454 2137
9455 2138
9456 2138
9457 2139
9458 2139
9459 2139
9460 2139
9461 2140
9462 2140
9463 2140
9464 2140
9465 2140
9466 2140
9467 2141
9468 2141
9469 2141
9470 2141
9471 2141
9472 2142
9473 2142
9474 2142
9475 2143
9476 2144
9477 2144
9478 2144
9479 2144
9480 2144
9481 2144
9482 2144
9483 2144
9484 2145
9485 2145
9486 2145
9487 2145
9488 2145
9489 2145
9490 2145
9491 2146
9492 2146
9493 2146
9494 2147
9495 2147
9496 2148
9497 2148
9498 2148
9499 2148
9500 2148
9501 2148
9502 2148
9503 2148
9504 2149
9505 2149
9506 2149
9507 2149
9508 2149
9509 2150
9510 2151
9511 2151
9512 2151
9513 2151
9514 2151
9515 2151
9516 2151
9517 2151
9518 2152
9519 2152
9520 2152
9521 2152
9522 2152
9523 2152
9524 2152
9525 2153
9526 2153
9527 2153
9528 2154
9529 2154
9530 2154
9531 2154
9532 2155
9533 2155
9534 2155
9535 2156
9536 2156
9537 2157
9538 2157
9539 2158
9540 2158
9541 2158
9542 2158
9543 2159
9544 2159
9545 2159
9546 2159
9547 2159
9548 2159
9549 2159
9550 2160
9551 2160
9552 2161
9553 2161
9554 2161
9555 2161
9556 2161
9557 2162
9558 2163
9559 2164
9560 2164
9561 2164
9562 2164
9563 2164
9564 2164
9565 2165
9566 2166
9567 2166
9568 2166
9569 2166
9570 2167
9571 2167
9572 2168
9573 2168
9574 2168
9575 2168
9576 2169
9577 2169
9578 2170
9579 2170
9580 2170
9581 2170
9582 2170
9583 2170
9584 2170
9585 2170
9586 2170
9587 2170
9588 2170
9589 2170
9590 2170
9591 2170
9592 2170
9593 2170
9594 2170
9595 2170
9596 2171
9597 2171
9598 2172
9599 2172
9600 2172
9601 2172
9602 2172
9603 2172
9604 2172
9605 2172
9606 2172
9607 2172
9608 2172
9609 2173
9610 2174
9611 2174
9612 2175
9613 2175
9614 2175
9615 2175
9616 2176
9617 2176
9618 2176
9619 2176
9620 2176
9621 2176
9622 2176
9623 2176
9624 2176
9625 2176
9626 2176
9627 2176
9628 2176
9629 2176
9630 2176
9631 2176
9632 2176
9633 2177
9634 2177
9635 2178
9636 2179
9637 2180
9638 2181
9639 2182
9640 2182
9641 2182
9642 2182
9643 2183
9644 2183
9645 2184
9646 2184
9647 2184
9648 2185
9649 2185
9650 2185
9651 2185
9652 2185
9653 2186
9654 2186
9655 2186
9656 2186
9657 2186
9658 2187
9659 2187
9660 2188
9661 2188
9662 2189
9663 2190
9664 2190
9665 2191
9666 2191
9667 2191
9668 2191
9669 2191
9670 2191
9671 2191
9672 2191
9673 2191
9674 2191
9675 2192
9676 2192
9677 2192
9678 2193
9679 2193
9680 2193
9681 2194
9682 2194
9683 2194
9684 2194
9685 2194
9686 2194
9687 2194
9688 2194
9689 2194
9690 2194
9691 2194
9692 2194
9693 2194
9694 2194
9695 2194
9696 2194
9697 2194
9698 2195
9699 2195
9700 2195
9701 2196
9702 2197
9703 2197
9704 2197
9705 2197
9706 2197
9707 2197
9708 2197
9709 2197
9710 2198
9711 2198
9712 2198
9713 2198
9714 2198
9715 2198
9716 2198
9717 2198
9718 2199
9719 2199
9720 2200
9721 2200
9722 2200
9723 2200
9724 2200
9725 2200
9726 2200
9727 2200
9728 2200
9729 2200
9730 2200
9731 2200
9732 2200
9733 2201
9734 2202
9735 2203
9736 2204
9737 2204
9738 2205
9739 2205
9740 2206
9741 2206
9742 2206
9743 2207
9744 2207
9745 2207
9746 2207
9747 2207
9748 2207
9749 2208
9750 2208
9751 2208
9752 2209
9753 2209
9754 2209
9755 2210
9756 2211
9757 2211
9758 2211
9759 2211
9760 2212
9761 2213
9762 2214
9763 2214
9764 2214
9765 2215
9766 2215
9767 2215
9768 2216
9769 2217
9770 2217
9771 2218
9772 2218
9773 2218
9774 2218
9775 2219
9776 2220
9777 2221
9778 2221
9779 2221
9780 2222
9781 2222
9782 2222
9783 2222
9784 2222
9785 2222
9786 2222
9787 2223
9788 2223
9789 2224
9790 2224
9791 2224
9792 2224
9793 2224
9794 2224
9795 2224
9796 2224
9797 2224
9798 2225
9799 2225
9800 2225
9801 2225
9802 2225
9803 2225
9804 2225
9805 2225
9806 2225
9807 2225
9808 2225
9809 2225
9810 2225
9811 2225
9812 2225
9813 2225
9814 2225
9815 2225
9816 2225
9817 2225
9818 2225
9819 2225
9820 2225
9821 2225
9822 2225
9823 2225
9824 2225
9825 2225
9826 2225
9827 2226
9828 2227
9829 2227
9830 2227
9831 2227
9832 2227
9833 2227
9834 2227
9835 2227
9836 2227
9837 2227
9838 2227
9839 2228
9840 2228
9841 2229
9842 2229
9843 2229
9844 2229
9845 2229
9846 2230
9847 2230
9848 2231
9849 2231
9850 2231
9851 2231
9852 2231
9853 2231
9854 2231
9855 2231
9856 2231
9857 2231
9858 2231
9859 2232
9860 2233
9861 2234
9862 2234
9863 2234
9864 2234
9865 2235
9866 2235
9867 2235
9868 2235
9869 2235
9870 2235
9871 2235
9872 2235
9873 2236
9874 2236
9875 2236
9876 2236
9877 2236
9878 2237
9879 2237
9880 2237
9881 2237
9882 2237
9883 2237
9884 2237
9885 2238
9886 2238
9887 2238
9888 2238
9889 2238
9890 2238
9891 2238
9892 2238
9893 2238
9894 2238
9895 2238
9896 2238
9897 2238
9898 2238
9899 2238
9900 2238
9901 2239
9902 2240
9903 2240
9904 2240
9905 2240
9906 2241
9907 2241
9908 2241
9909 2241
9910 2241
9911 2242
9912 2242
9913 2242
9914 2242
9915 2242
9916 2243
9917 2243
9918 2243
9919 2243
9920 2243
9921 2244
9922 2244
9923 2244
9924 2244
9925 2245
9926 2245
9927 2246
9928 2247
9929 2247
9930 2247
9931 2248
9932 2248
9933 2248
9934 2248
9935 2248
9936 2248
9937 2249
9938 2249
9939 2250
9940 2250
9941 2251
9942 2251
9943 2251
9944 2251
9945 2251
9946 2251
9947 2252
9948 2252
9949 2252
9950 2252
9951 2253
9952 2253
9953 2253
9954 2253
9955 2254
9956 2255
9957 2255
9958 2255
9959 2256
9960 2256
9961 2256
9962 2256
9963 2256
9964 2256
9965 2257
9966 2257
9967 2257
9968 2257
9969 2257
9970 2257
9971 2257
9972 2257
9973 2257
9974 2257
9975 2257
9976 2258
9977 2259
9978 2260
9979 2261
9980 2261
9981 2261
9982 2261
9983 2261
9984 2262
9985 2263
9986 2263
9987 2264
9988 2265
9989 2266
9990 2266
9991 2266
9992 2267
9993 2267
9994 2268
9995 2268
9996 2268
9997 2268
9998 2268
9999 2268
10000 2268
