1 0
2 0
3 0
4 0
5 0
6 0
7 0
8 1
9 1
10 1
11 1
12 1
13 1
14 1
15 1
16 1
17 1
18 1
19 1
20 1
21 1
22 2
23 2
24 2
25 2
26 2
27 3
28 3
29 3
30 3
31 3
32 3
33 3
34 3
35 4
36 4
37 4
38 4
39 4
40 5
41 5
42 5
43 5
44 5
45 5
46 5
47 5
48 5
49 6
50 6
51 6
52 6
53 6
54 6
55 6
56 6
57 6
58 7
59 7
60 7
61 7
62 7
63 7
64 7
65 7
66 7
67 7
68 8
69 8
70 8
71 8
72 8
73 8
74 8
75 8
76 8
77 8
78 8
79 8
80 8
81 8
82 8
83 8
84 8
85 8
86 8
87 8
88 8
89 8
90 8
91 8
92 8
93 8
94 8
95 8
96 8
97 8
98 8
99 8
100 8
101 9
102 9
103 9
104 9
105 9
106 9
107 9
108 9
109 9
110 10
111 11
112 11
113 11
114 11
115 11
116 11
117 11
118 11
119 11
120 11
121 11
122 11
123 11
124 11
125 12
126 12
127 12
128 12
129 12
130 12
131 12
132 12
133 12
134 12
135 12
136 13
137 13
138 13
139 13
140 13
141 13
142 14
143 14
144 14
145 14
146 15
147 15
148 15
149 15
150 15
151 16
152 16
153 16
154 16
155 17
156 18
157 18
158 18
159 19
160 19
161 19
162 19
163 19
164 20
165 20
166 21
167 21
168 21
169 21
170 21
171 21
172 21
173 21
174 21
175 21
176 21
177 21
178 21
179 21
180 21
181 21
182 21
183 22
184 22
185 22
186 22
187 22
188 22
189 23
190 23
191 23
192 23
193 23
194 23
195 23
196 23
197 23
198 23
199 23
200 23
201 23
202 23
203 23
204 23
205 23
206 23
207 23
208 23
209 23
210 23
211 23
212 23
213 23
214 23
215 23
216 23
217 23
218 23
219 24
220 24
221 24
222 25
223 25
224 26
225 27
226 27
227 27
228 27
229 27
230 27
231 27
232 27
233 27
234 27
235 27
236 27
237 27
238 27
239 27
240 27
241 27
242 27
243 27
244 27
245 27
246 27
247 27
248 27
249 27
250 27
251 27
252 27
253 27
254 27
255 27
256 27
257 27
258 27
259 28
260 29
261 29
262 29
263 29
264 29
265 29
266 29
267 29
268 29
269 29
270 29
271 29
272 29
273 29
274 29
275 29
276 30
277 30
278 30
279 30
280 30
281 30
282 30
283 30
284 30
285 30
286 30
287 30
288 30
289 30
290 30
291 30
292 30
293 30
294 30
295 30
296 31
297 31
298 31
299 31
300 32
301 32
302 32
303 32
304 33
305 33
306 33
307 33
308 33
309 33
310 33
311 33
312 33
313 33
314 34
315 34
316 34
317 34
318 34
319 34
320 34
321 35
322 35
323 35
324 35
325 35
326 35
327 35
328 35
329 35
330 35
331 35
332 35
333 35
334 36
335 36
336 36
337 36
338 37
339 37
340 37
341 37
342 37
343 37
344 37
345 37
346 37
347 37
348 37
349 37
350 38
351 38
352 38
353 38
354 39
355 39
356 39
357 39
358 40
359 40
360 41
361 42
362 42
363 42
364 42
365 43
366 43
367 43
368 43
369 43
370 43
371 43
372 43
373 43
374 43
375 43
376 43
377 43
378 43
379 43
380 44
381 45
382 45
383 45
384 45
385 45
386 45
387 46
388 46
389 46
390 47
391 47
392 47
393 47
394 47
395 47
396 47
397 47
398 47
399 47
400 47
401 47
402 47
403 47
404 47
405 47
406 47
407 47
408 47
409 47
410 48
411 48
412 48
413 49
414 49
415 49
416 50
417 50
418 50
419 50
420 50
421 50
422 50
423 50
424 51
425 51
426 51
427 51
428 51
429 52
430 52
431 52
432 52
433 52
434 52
435 52
436 52
437 52
438 52
439 52
440 53
441 53
442 53
443 53
444 54
445 54
446 54
447 54
448 54
449 54
450 55
451 56
452 56
453 56
454 56
455 56
456 56
457 56
458 56
459 57
460 58
461 58
462 59
463 59
464 59
465 59
466 59
467 59
468 59
469 59
470 59
471 60
472 60
473 60
474 60
475 60
476 60
477 60
478 60
479 60
480 60
481 60
482 60
483 61
484 61
485 61
486 61
487 61
488 61
489 61
490 61
491 61
492 61
493 61
494 61
495 62
496 62
497 62
498 63
499 64
500 64
501 64
502 64
503 64
504 64
505 64
506 64
507 65
508 65
509 65
510 65
511 66
512 66
513 66
514 66
515 66
516 66
517 66
518 67
519 67
520 68
521 68
522 68
523 68
524 68
525 68
526 68
527 68
528 68
529 68
530 69
531 69
532 69
533 69
534 69
535 69
536 69
537 69
538 69
539 69
540 69
541 69
542 69
543 69
544 69
545 69
546 69
547 69
548 69
549 69
550 69
551 69
552 69
553 69
554 70
555 70
556 70
557 70
558 70
559 70
560 70
561 70
562 70
563 70
564 70
565 70
566 70
567 70
568 70
569 71
570 71
571 71
572 71
573 71
574 71
575 71
576 71
577 71
578 71
579 71
580 71
581 71
582 71
583 71
584 71
585 71
586 71
587 72
588 72
589 72
590 72
591 72
592 72
593 72
594 72
595 72
596 72
597 72
598 72
599 72
600 72
601 72
602 72
603 72
604 72
605 72
606 72
607 72
608 72
609 73
610 73
611 73
612 73
613 73
614 73
615 73
616 73
617 73
618 73
619 73
620 73
621 73
622 73
623 74
624 74
625 74
626 74
627 74
628 74
629 74
630 74
631 74
632 74
633 74
634 74
635 74
636 75
637 75
638 75
639 75
640 75
641 76
642 76
643 76
644 76
645 76
646 76
647 76
648 77
649 77
650 77
651 77
652 77
653 77
654 77
655 77
656 77
657 77
658 77
659 77
660 77
661 77
662 77
663 77
664 77
665 77
666 77
667 77
668 77
669 78
670 78
671 78
672 78
673 78
674 78
675 78
676 78
677 79
678 80
679 80
680 80
681 80
682 80
683 80
684 80
685 80
686 80
687 80
688 80
689 80
690 80
691 80
692 80
693 80
694 80
695 80
696 80
697 80
698 81
699 82
700 82
701 82
702 82
703 82
704 82
705 82
706 83
707 83
708 83
709 83
710 83
711 83
712 83
713 83
714 83
715 84
716 85
717 85
718 85
719 85
720 85
721 85
722 85
723 85
724 85
725 85
726 85
727 85
728 85
729 85
730 85
731 85
732 85
733 85
734 85
735 85
736 85
737 85
738 85
739 85
740 85
741 85
742 86
743 86
744 86
745 86
746 86
747 87
748 87
749 87
750 88
751 88
752 88
753 88
754 89
755 89
756 90
757 90
758 91
759 91
760 91
761 91
762 91
763 91
764 91
765 91
766 91
767 91
768 91
769 91
770 91
771 91
772 91
773 91
774 92
775 92
776 92
777 92
778 92
779 92
780 92
781 92
782 92
783 92
784 92
785 92
786 92
787 92
788 92
789 92
790 92
791 92
792 92
793 93
794 93
795 93
796 93
797 93
798 93
799 93
800 93
801 94
802 94
803 94
804 94
805 94
806 94
807 94
808 94
809 94
810 95
811 95
812 96
813 96
814 96
815 96
816 96
817 96
818 96
819 97
820 97
821 97
822 97
823 97
824 97
825 97
826 97
827 97
828 97
829 97
830 97
831 97
832 97
833 97
834 97
835 97
836 97
837 98
838 99
839 100
840 100
841 100
842 100
843 100
844 100
845 100
846 100
847 101
848 101
849 101
850 101
851 101
852 101
853 101
854 101
855 101
856 102
857 102
858 103
859 103
860 103
861 103
862 104
863 104
864 104
865 104
866 104
867 104
868 104
869 104
870 104
871 104
872 104
873 104
874 104
875 104
876 104
877 105
878 105
879 105
880 105
881 105
882 105
883 105
884 105
885 105
886 105
887 105
888 105
889 105
890 105
891 105
892 105
893 106
894 106
895 106
896 106
897 106
898 106
899 106
900 106
901 106
902 106
903 106
904 106
905 106
906 106
907 107
908 107
909 107
910 107
911 107
912 108
913 108
914 108
915 109
916 109
917 109
918 109
919 109
920 109
921 109
922 109
923 110
924 110
925 110
926 111
927 112
928 112
929 112
930 112
931 112
932 112
933 112
934 112
935 112
936 112
937 112
938 112
939 112
940 112
941 112
942 113
943 113
944 113
945 113
946 113
947 113
948 113
949 113
950 113
951 113
952 114
953 114
954 114
955 114
956 114
957 115
958 115
959 115
960 115
961 115
962 115
963 116
964 116
965 116
966 116
967 116
968 117
969 117
970 117
971 117
972 117
973 117
974 118
975 119
976 119
977 120
978 120
979 121
980 121
981 121
982 121
983 121
984 121
985 121
986 121
987 121
988 121
989 121
990 122
991 122
992 122
993 122
994 122
995 122
996 122
997 122
998 122
999 122
1000 122
1001 122
1002 122
1003 122
1004 122
1005 122
1006 122
1007 122
1008 122
1009 122
1010 122
1011 122
1012 122
1013 122
1014 122
1015 122
1016 122
1017 122
1018 122
1019 122
1020 122
1021 122
1022 122
1023 122
1024 122
1025 122
1026 122
1027 122
1028 122
1029 122
1030 123
1031 123
1032 123
1033 123
1034 123
1035 123
1036 123
1037 123
1038 123
1039 123
1040 123
1041 123
1042 124
1043 124
1044 125
1045 126
1046 126
1047 126
1048 126
1049 126
1050 126
1051 127
1052 127
1053 127
1054 127
1055 127
1056 128
1057 128
1058 128
1059 128
1060 128
1061 128
1062 128
1063 128
1064 129
1065 130
1066 130
1067 130
1068 130
1069 130
1070 130
1071 130
1072 130
1073 130
1074 130
1075 130
1076 130
1077 130
1078 130
1079 130
1080 131
1081 131
1082 131
1083 131
1084 132
1085 132
1086 132
1087 132
1088 132
1089 132
1090 132
1091 132
1092 132
1093 132
1094 132
1095 133
1096 133
1097 133
1098 133
1099 133
1100 133
1101 133
1102 133
1103 133
1104 133
1105 133
1106 133
1107 133
1108 133
1109 133
1110 133
1111 133
1112 133
1113 133
1114 133
1115 134
1116 134
1117 135
1118 135
1119 135
1120 135
1121 136
1122 136
1123 137
1124 137
1125 137
1126 137
1127 137
1128 137
1129 138
1130 138
1131 138
1132 139
1133 139
1134 139
1135 139
1136 140
1137 141
1138 141
1139 141
1140 141
1141 141
1142 141
1143 141
1144 141
1145 141
1146 141
1147 142
1148 142
1149 142
1150 142
1151 142
1152 142
1153 142
1154 142
1155 142
1156 142
1157 142
1158 142
1159 142
1160 142
1161 143
1162 143
1163 143
1164 143
1165 144
1166 144
1167 144
1168 144
1169 144
1170 145
1171 145
1172 145
1173 145
1174 145
1175 145
1176 145
1177 145
1178 145
1179 145
1180 145
1181 145
1182 145
1183 145
1184 145
1185 145
1186 145
1187 145
1188 145
1189 145
1190 145
1191 145
1192 145
1193 145
1194 145
1195 145
1196 145
1197 146
1198 146
1199 146
1200 147
1201 147
1202 147
1203 147
1204 147
1205 148
1206 148
1207 148
1208 148
1209 149
1210 149
1211 149
1212 149
1213 150
1214 150
1215 150
1216 150
1217 150
1218 151
1219 151
1220 151
1221 151
1222 151
1223 151
1224 151
1225 151
1226 151
1227 151
1228 151
1229 151
1230 151
1231 151
1232 151
1233 152
1234 152
1235 152
1236 153
1237 153
1238 153
1239 154
1240 154
1241 154
1242 154
1243 154
1244 154
1245 154
1246 154
1247 154
1248 154
1249 154
1250 154
1251 154
1252 154
1253 154
1254 154
1255 154
1256 154
1257 154
1258 154
1259 155
1260 156
1261 156
1262 156
1263 156
1264 156
1265 156
1266 156
1267 156
1268 156
1269 156
1270 156
1271 156
1272 156
1273 156
1274 156
1275 156
1276 156
1277 156
1278 157
1279 157
1280 157
1281 157
1282 157
1283 157
1284 157
1285 157
1286 157
1287 157
1288 158
1289 158
1290 158
1291 158
1292 158
1293 159
1294 159
1295 159
1296 159
1297 159
1298 159
1299 159
1300 159
1301 159
1302 159
1303 159
1304 159
1305 159
1306 159
1307 159
1308 159
1309 159
1310 159
1311 159
1312 159
1313 159
1314 159
1315 159
1316 159
1317 159
1318 160
1319 160
1320 160
1321 160
1322 160
1323 160
1324 160
1325 160
1326 160
1327 160
1328 161
1329 161
1330 161
1331 161
1332 161
1333 161
1334 161
1335 162
1336 162
1337 162
1338 162
1339 163
1340 163
1341 163
1342 164
1343 164
1344 164
1345 164
1346 165
1347 165
1348 165
1349 165
1350 165
1351 165
1352 165
1353 165
1354 165
1355 165
1356 165
1357 165
1358 165
1359 166
1360 166
1361 166
1362 166
1363 167
1364 167
1365 167
1366 167
1367 168
1368 168
1369 168
1370 168
1371 169
1372 170
1373 170
1374 170
1375 170
1376 170
1377 170
1378 170
1379 170
1380 170
1381 170
1382 170
1383 170
1384 171
1385 171
1386 171
1387 171
1388 171
1389 171
1390 171
1391 171
1392 171
1393 171
1394 171
1395 171
1396 171
1397 171
1398 171
1399 171
1400 171
1401 171
1402 172
1403 172
1404 172
1405 172
1406 172
1407 172
1408 172
1409 172
1410 172
1411 172
1412 172
1413 172
1414 172
1415 172
1416 172
1417 172
1418 173
1419 173
1420 173
1421 173
1422 173
1423 173
1424 173
1425 173
1426 173
1427 173
1428 173
1429 173
1430 173
1431 173
1432 174
1433 174
1434 174
1435 174
1436 174
1437 174
1438 174
1439 174
1440 174
1441 174
1442 175
1443 175
1444 175
1445 175
1446 175
1447 175
1448 175
1449 176
1450 176
1451 176
1452 176
1453 176
1454 176
1455 177
1456 177
1457 177
1458 177
1459 177
1460 177
1461 177
1462 178
1463 179
1464 180
1465 180
1466 180
1467 180
1468 180
1469 180
1470 180
1471 180
1472 180
1473 180
1474 180
1475 180
1476 180
1477 180
1478 180
1479 180
1480 180
1481 181
1482 181
1483 181
1484 182
1485 182
1486 182
1487 182
1488 182
1489 182
1490 182
1491 182
1492 183
1493 184
1494 184
1495 184
1496 184
1497 185
1498 185
1499 186
1500 186
1501 186
1502 186
1503 186
1504 186
1505 186
1506 186
1507 186
1508 187
1509 187
1510 187
1511 187
1512 187
1513 187
1514 187
1515 187
1516 187
1517 188
1518 188
1519 188
1520 188
1521 188
1522 188
1523 188
1524 188
1525 188
1526 188
1527 188
1528 188
1529 188
1530 188
1531 188
1532 188
1533 189
1534 190
1535 190
1536 190
1537 190
1538 190
1539 190
1540 190
1541 191
1542 191
1543 191
1544 191
1545 192
1546 193
1547 193
1548 193
1549 193
1550 193
1551 193
1552 193
1553 193
1554 193
1555 194
1556 194
1557 194
1558 194
1559 194
1560 194
1561 194
1562 194
1563 195
1564 195
1565 195
1566 195
1567 196
1568 196
1569 196
1570 196
1571 196
1572 196
1573 196
1574 196
1575 197
1576 197
1577 197
1578 197
1579 197
1580 197
1581 198
1582 198
1583 199
1584 199
1585 200
1586 200
1587 200
1588 200
1589 201
1590 201
1591 201
1592 201
1593 201
1594 201
1595 201
1596 201
1597 201
1598 201
1599 201
1600 201
1601 202
1602 202
1603 202
1604 202
1605 202
1606 202
1607 203
1608 203
1609 203
1610 203
1611 204
1612 204
1613 204
1614 204
1615 204
1616 204
1617 204
1618 204
1619 204
1620 204
1621 204
1622 204
1623 204
1624 204
1625 204
1626 204
1627 204
1628 204
1629 204
1630 204
1631 204
1632 205
1633 205
1634 205
1635 205
1636 205
1637 205
1638 206
1639 206
1640 206
1641 207
1642 207
1643 207
1644 207
1645 207
1646 207
1647 207
1648 207
1649 207
1650 207
1651 208
1652 208
1653 208
1654 208
1655 208
1656 208
1657 208
1658 208
1659 208
1660 208
1661 208
1662 208
1663 208
1664 208
1665 208
1666 209
1667 209
1668 209
1669 209
1670 209
1671 209
1672 210
1673 210
1674 210
1675 210
1676 210
1677 210
1678 210
1679 211
1680 212
1681 212
1682 212
1683 212
1684 213
1685 213
1686 213
1687 213
1688 213
1689 214
1690 214
1691 214
1692 215
1693 215
1694 215
1695 215
1696 215
1697 215
1698 215
1699 215
1700 215
1701 215
1702 215
1703 216
1704 216
1705 216
1706 216
1707 216
1708 216
1709 216
1710 216
1711 216
1712 216
1713 216
1714 216
1715 216
1716 216
1717 216
1718 216
1719 216
1720 217
1721 217
1722 217
1723 217
1724 217
1725 217
1726 217
1727 217
1728 217
1729 217
1730 217
1731 218
1732 218
1733 218
1734 218
1735 218
1736 218
1737 218
1738 218
1739 218
1740 218
1741 218
1742 219
1743 219
1744 220
1745 220
1746 220
1747 220
1748 220
1749 220
1750 220
1751 220
1752 220
1753 220
1754 220
1755 220
1756 220
1757 220
1758 220
1759 220
1760 220
1761 220
1762 220
1763 220
1764 220
1765 220
1766 220
1767 220
1768 220
1769 220
1770 220
1771 220
1772 220
1773 220
1774 220
1775 220
1776 221
1777 221
1778 221
1779 221
1780 221
1781 221
1782 221
1783 221
1784 221
1785 222
1786 222
1787 222
1788 222
1789 222
1790 222
1791 222
1792 222
1793 222
1794 222
1795 222
1796 222
1797 222
1798 222
1799 223
1800 223
1801 223
1802 223
1803 223
1804 223
1805 224
1806 224
1807 224
1808 224
1809 224
1810 224
1811 224
1812 224
1813 224
1814 224
1815 224
1816 224
1817 224
1818 224
1819 224
1820 224
1821 224
1822 224
1823 224
1824 224
1825 224
1826 224
1827 224
1828 224
1829 224
1830 224
1831 224
1832 224
1833 224
1834 225
1835 225
1836 225
1837 225
1838 226
1839 226
1840 226
1841 226
1842 226
1843 227
1844 227
1845 227
1846 228
1847 228
1848 228
1849 228
1850 228
1851 228
1852 228
1853 228
1854 228
1855 228
1856 228
1857 228
1858 228
1859 228
1860 228
1861 228
1862 228
1863 228
1864 228
1865 228
1866 228
1867 228
1868 228
1869 228
1870 228
1871 228
1872 228
1873 228
1874 228
1875 228
1876 228
1877 228
1878 228
1879 229
1880 229
1881 229
1882 230
1883 230
1884 231
1885 231
1886 232
1887 232
1888 232
1889 232
1890 232
1891 232
1892 232
1893 232
1894 232
1895 232
1896 232
1897 232
1898 232
1899 232
1900 232
1901 232
1902 232
1903 232
1904 232
1905 232
1906 232
1907 232
1908 232
1909 232
1910 232
1911 232
1912 232
1913 233
1914 234
1915 234
1916 234
1917 234
1918 234
1919 234
1920 234
1921 235
1922 235
1923 235
1924 235
1925 235
1926 235
1927 235
1928 235
1929 236
1930 236
1931 236
1932 236
1933 237
1934 237
1935 237
1936 238
1937 239
1938 239
1939 239
1940 239
1941 239
1942 239
1943 239
1944 239
1945 239
1946 240
1947 241
1948 241
1949 241
1950 241
1951 241
1952 241
1953 242
1954 243
1955 243
1956 243
1957 243
1958 243
1959 244
1960 244
1961 244
1962 244
1963 245
1964 245
1965 245
1966 245
1967 245
1968 245
1969 245
1970 246
1971 247
1972 247
1973 247
1974 247
1975 247
1976 247
1977 247
1978 247
1979 247
1980 248
1981 248
1982 248
1983 248
1984 248
1985 248
1986 248
1987 248
1988 249
1989 249
1990 249
1991 249
1992 249
1993 249
1994 249
1995 249
1996 249
1997 249
1998 249
1999 249
2000 249
2001 249
2002 249
2003 249
2004 250
2005 250
2006 250
2007 250
2008 250
2009 250
2010 250
2011 250
2012 250
2013 250
2014 250
2015 251
2016 251
2017 251
2018 252
2019 252
2020 252
2021 253
2022 253
2023 253
2024 253
2025 253
2026 253
2027 253
2028 253
2029 253
2030 253
2031 253
2032 253
2033 253
2034 253
2035 253
2036 253
2037 253
2038 253
2039 253
2040 253
2041 253
2042 253
2043 253
2044 253
2045 253
2046 253
2047 253
2048 253
2049 254
2050 254
2051 254
2052 254
2053 254
2054 254
2055 254
2056 255
2057 255
2058 256
2059 256
2060 256
2061 256
2062 256
2063 256
2064 256
2065 256
2066 256
2067 256
2068 256
2069 257
2070 257
2071 257
2072 257
2073 257
2074 257
2075 257
2076 257
2077 257
2078 257
2079 257
2080 257
2081 257
2082 257
2083 257
2084 257
2085 257
2086 257
2087 258
2088 258
2089 258
2090 258
2091 258
2092 258
2093 258
2094 258
2095 258
2096 258
2097 259
2098 259
2099 259
2100 259
2101 259
2102 259
2103 259
2104 259
2105 260
2106 260
2107 260
2108 260
2109 260
2110 260
2111 260
2112 260
2113 261
2114 261
2115 261
2116 261
2117 261
2118 261
2119 261
2120 261
2121 261
2122 261
2123 261
2124 261
2125 261
2126 262
2127 262
2128 262
2129 262
2130 262
2131 262
2132 262
2133 262
2134 262
2135 262
2136 262
2137 262
2138 262
2139 262
2140 262
2141 262
2142 262
2143 262
2144 262
2145 262
2146 262
2147 262
2148 262
2149 262
2150 262
2151 262
2152 263
2153 263
2154 263
2155 263
2156 263
2157 263
2158 263
2159 263
2160 263
2161 264
2162 264
2163 264
2164 264
2165 265
2166 265
2167 265
2168 265
2169 265
2170 265
2171 265
2172 265
2173 265
2174 265
2175 265
2176 266
2177 266
2178 266
2179 266
2180 267
2181 267
2182 267
2183 267
2184 267
2185 267
2186 267
2187 267
2188 267
2189 267
2190 267
2191 267
2192 268
2193 268
2194 268
2195 268
2196 268
2197 268
2198 268
2199 268
2200 268
2201 268
2202 268
2203 268
2204 268
2205 268
2206 268
2207 268
2208 269
2209 269
2210 270
2211 270
2212 270
2213 271
2214 271
2215 271
2216 271
2217 271
2218 271
2219 271
2220 271
2221 271
2222 271
2223 271
2224 271
2225 271
2226 271
2227 271
2228 271
2229 271
2230 271
2231 271
2232 271
2233 271
2234 271
2235 271
2236 271
2237 272
2238 272
2239 272
2240 272
2241 272
2242 272
2243 272
2244 272
2245 272
2246 272
2247 272
2248 272
2249 272
2250 272
2251 272
2252 272
2253 273
2254 273
2255 273
2256 273
2257 273
2258 273
2259 274
2260 274
2261 274
2262 274
2263 274
2264 274
2265 275
2266 276
2267 276
2268 276
2269 276
2270 276
2271 276
2272 277
2273 277
2274 277
2275 278
2276 278
2277 278
2278 278
2279 279
2280 279
2281 279
2282 279
2283 280
2284 280
2285 281
2286 281
2287 282
2288 282
2289 282
2290 282
2291 282
2292 282
2293 282
2294 283
2295 283
2296 284
2297 284
2298 284
2299 284
2300 284
2301 284
2302 285
2303 286
2304 286
2305 286
2306 286
2307 286
2308 286
2309 286
2310 286
2311 286
2312 286
2313 287
2314 287
2315 287
2316 288
2317 288
2318 288
2319 288
2320 289
2321 290
2322 290
2323 290
2324 290
2325 290
2326 290
2327 290
2328 290
2329 290
2330 290
2331 290
2332 290
2333 290
2334 290
2335 290
2336 290
2337 290
2338 290
2339 290
2340 290
2341 290
2342 290
2343 290
2344 290
2345 290
2346 290
2347 290
2348 290
2349 290
2350 290
2351 290
2352 291
2353 292
2354 293
2355 294
2356 294
2357 294
2358 294
2359 295
2360 295
2361 295
2362 295
2363 295
2364 295
2365 295
2366 295
2367 295
2368 295
2369 295
2370 296
2371 296
2372 296
2373 296
2374 296
2375 296
2376 296
2377 296
2378 296
2379 297
2380 297
2381 297
2382 297
2383 297
2384 297
2385 297
2386 297
2387 297
2388 297
2389 297
2390 297
2391 297
2392 297
2393 297
2394 297
2395 297
2396 297
2397 297
2398 298
2399 299
2400 299
2401 299
2402 299
2403 299
2404 300
2405 300
2406 300
2407 300
2408 300
2409 300
2410 300
2411 300
2412 300
2413 301
2414 301
2415 302
2416 302
2417 302
2418 302
2419 302
2420 302
2421 302
2422 302
2423 302
2424 303
2425 303
2426 303
2427 303
2428 303
2429 303
2430 303
2431 303
2432 303
2433 303
2434 303
2435 303
2436 304
2437 305
2438 305
2439 305
2440 305
2441 305
2442 305
2443 305
2444 306
2445 306
2446 306
2447 306
2448 306
2449 306
2450 306
2451 306
2452 306
2453 306
2454 306
2455 306
2456 306
2457 306
2458 306
2459 307
2460 307
2461 307
2462 307
2463 308
2464 309
2465 309
2466 309
2467 309
2468 309
2469 309
2470 309
2471 309
2472 309
2473 309
2474 309
2475 309
2476 309
2477 309
2478 309
2479 309
2480 309
2481 309
2482 309
2483 309
2484 310
2485 310
2486 310
2487 310
2488 310
2489 311
2490 311
2491 311
2492 311
2493 311
2494 312
2495 312
2496 313
2497 313
2498 313
2499 313
2500 313
2501 314
2502 314
2503 314
2504 314
2505 314
2506 314
2507 314
2508 314
2509 314
2510 314
2511 314
2512 315
2513 315
2514 316
2515 317
2516 317
2517 317
2518 318
2519 318
2520 318
2521 318
2522 318
2523 318
2524 318
2525 318
2526 318
2527 318
2528 319
2529 320
2530 320
2531 320
2532 320
2533 320
2534 321
2535 321
2536 321
2537 322
2538 322
2539 322
2540 322
2541 322
2542 322
2543 322
2544 322
2545 322
2546 322
2547 322
2548 322
2549 322
2550 322
2551 322
2552 322
2553 322
2554 322
2555 322
2556 322
2557 322
2558 322
2559 322
2560 322
2561 322
2562 322
2563 322
2564 322
2565 322
2566 322
2567 322
2568 322
2569 322
2570 322
2571 322
2572 322
2573 322
2574 322
2575 322
2576 322
2577 322
2578 322
2579 323
2580 324
2581 324
2582 324
2583 324
2584 324
2585 324
2586 324
2587 324
2588 324
2589 325
2590 325
2591 325
2592 325
2593 325
2594 325
2595 325
2596 325
2597 325
2598 325
2599 325
2600 325
2601 325
2602 325
2603 325
2604 325
2605 325
2606 325
2607 325
2608 325
2609 326
2610 326
2611 326
2612 326
2613 326
2614 326
2615 326
2616 326
2617 326
2618 326
2619 326
2620 327
2621 327
2622 327
2623 327
2624 327
2625 328
2626 328
2627 328
2628 328
2629 328
2630 328
2631 328
2632 328
2633 328
2634 328
2635 328
2636 328
2637 328
2638 328
2639 328
2640 329
2641 329
2642 329
2643 329
2644 329
2645 329
2646 329
2647 329
2648 329
2649 329
2650 329
2651 329
2652 329
2653 330
2654 330
2655 330
2656 330
2657 331
2658 331
2659 331
2660 332
2661 332
2662 332
2663 332
2664 332
2665 332
2666 332
2667 332
2668 332
2669 332
2670 332
2671 332
2672 332
2673 332
2674 333
2675 333
2676 333
2677 333
2678 333
2679 333
2680 333
2681 333
2682 333
2683 334
2684 334
2685 334
2686 335
2687 335
2688 335
2689 335
2690 336
2691 337
2692 337
2693 337
2694 337
2695 338
2696 338
2697 338
2698 338
2699 338
2700 338
2701 339
2702 339
2703 339
2704 339
2705 339
2706 339
2707 339
2708 339
2709 339
2710 339
2711 339
2712 339
2713 339
2714 339
2715 340
2716 340
2717 340
2718 340
2719 340
2720 340
2721 340
2722 341
2723 342
2724 342
2725 342
2726 342
2727 343
2728 344
2729 344
2730 344
2731 344
2732 344
2733 344
2734 344
2735 345
2736 345
2737 345
2738 345
2739 345
2740 345
2741 345
2742 346
2743 346
2744 346
2745 346
2746 346
2747 346
2748 346
2749 346
2750 346
2751 346
2752 346
2753 346
2754 346
2755 346
2756 347
2757 347
2758 347
2759 347
2760 347
2761 348
2762 348
2763 348
2764 348
2765 349
2766 349
2767 349
2768 349
2769 349
2770 349
2771 350
2772 350
2773 351
2774 351
2775 351
2776 351
2777 351
2778 351
2779 351
2780 351
2781 351
2782 352
2783 352
2784 352
2785 352
2786 353
2787 353
2788 354
2789 354
2790 355
2791 356
2792 356
2793 356
2794 356
2795 356
2796 356
2797 356
2798 356
2799 356
2800 356
2801 356
2802 356
2803 357
2804 357
2805 357
2806 357
2807 357
2808 358
2809 358
2810 358
2811 358
2812 358
2813 358
2814 358
2815 358
2816 359
2817 359
2818 359
2819 359
2820 359
2821 359
2822 359
2823 359
2824 359
2825 359
2826 359
2827 359
2828 359
2829 359
2830 359
2831 359
2832 359
2833 360
2834 360
2835 360
2836 360
2837 360
2838 361
2839 361
2840 361
2841 361
2842 362
2843 362
2844 362
2845 362
2846 362
2847 362
2848 362
2849 362
2850 362
2851 362
2852 362
2853 362
2854 362
2855 362
2856 362
2857 362
2858 362
2859 362
2860 362
2861 362
2862 362
2863 362
2864 362
2865 362
2866 362
2867 362
2868 362
2869 362
2870 362
2871 362
2872 363
2873 363
2874 363
2875 363
2876 363
2877 363
2878 363
2879 363
2880 363
2881 364
2882 364
2883 364
2884 364
2885 364
2886 364
2887 364
2888 364
2889 364
2890 364
2891 364
2892 364
2893 364
2894 364
2895 364
2896 364
2897 364
2898 364
2899 364
2900 364
2901 364
2902 364
2903 364
2904 365
2905 365
2906 365
2907 365
2908 365
2909 365
2910 365
2911 365
2912 365
2913 365
2914 365
2915 365
2916 365
2917 365
2918 365
2919 365
2920 365
2921 365
2922 365
2923 365
2924 365
2925 365
2926 365
2927 365
2928 365
2929 365
2930 365
2931 365
2932 365
2933 365
2934 365
2935 365
2936 365
2937 365
2938 365
2939 366
2940 367
2941 367
2942 367
2943 367
2944 367
2945 367
2946 368
2947 368
2948 368
2949 368
2950 368
2951 368
2952 368
2953 368
2954 368
2955 368
2956 368
2957 368
2958 368
2959 368
2960 368
2961 368
2962 368
2963 369
2964 369
2965 370
2966 370
2967 371
2968 371
2969 371
2970 371
2971 371
2972 371
2973 371
2974 371
2975 372
2976 372
2977 373
2978 373
2979 374
2980 374
2981 374
2982 374
2983 374
2984 374
2985 374
2986 374
2987 374
2988 374
2989 374
2990 374
2991 374
2992 374
2993 374
2994 374
2995 374
2996 374
2997 374
2998 374
2999 374
3000 374
3001 374
3002 374
3003 374
3004 375
3005 376
3006 376
3007 376
3008 376
3009 376
3010 377
3011 377
3012 377
3013 377
3014 377
3015 377
3016 377
3017 377
3018 377
3019 378
3020 378
3021 378
3022 378
3023 378
3024 378
3025 378
3026 378
3027 378
3028 378
3029 379
3030 379
3031 380
3032 381
3033 382
3034 383
3035 383
3036 384
3037 384
3038 384
3039 384
3040 384
3041 384
3042 384
3043 385
3044 385
3045 385
3046 385
3047 385
3048 385
3049 386
3050 386
3051 386
3052 386
3053 386
3054 386
3055 386
3056 386
3057 386
3058 387
3059 387
3060 387
3061 388
3062 388
3063 389
3064 389
3065 389
3066 389
3067 389
3068 389
3069 389
3070 389
3071 389
3072 389
3073 389
3074 389
3075 390
3076 391
3077 391
3078 391
3079 391
3080 391
3081 391
3082 391
3083 391
3084 391
3085 391
3086 391
3087 391
3088 391
3089 391
3090 391
3091 391
3092 391
3093 391
3094 391
3095 391
3096 391
3097 391
3098 391
3099 391
3100 391
3101 391
3102 391
3103 391
3104 391
3105 391
3106 392
3107 393
3108 393
3109 393
3110 394
3111 394
3112 395
3113 395
3114 395
3115 395
3116 395
3117 395
3118 395
3119 395
3120 395
3121 395
3122 396
3123 396
3124 397
3125 397
3126 397
3127 398
3128 398
3129 398
3130 398
3131 398
3132 398
3133 398
3134 398
3135 398
3136 398
3137 398
3138 398
3139 398
3140 398
3141 398
3142 398
3143 398
3144 398
3145 398
3146 398
3147 398
3148 399
3149 399
3150 400
3151 400
3152 400
3153 401
3154 401
3155 401
3156 401
3157 401
3158 402
3159 402
3160 402
3161 403
3162 403
3163 404
3164 404
3165 404
3166 404
3167 404
3168 404
3169 404
3170 404
3171 404
3172 405
3173 405
3174 405
3175 405
3176 405
3177 405
3178 405
3179 405
3180 405
3181 405
3182 405
3183 405
3184 405
3185 405
3186 405
3187 405
3188 405
3189 405
3190 405
3191 405
3192 406
3193 407
3194 407
3195 407
3196 407
3197 407
3198 407
3199 407
3200 407
3201 407
3202 407
3203 407
3204 407
3205 407
3206 407
3207 407
3208 408
3209 408
3210 408
3211 408
3212 408
3213 408
3214 408
3215 408
3216 409
3217 409
3218 409
3219 409
3220 409
3221 409
3222 409
3223 409
3224 410
3225 410
3226 410
3227 410
3228 410
3229 410
3230 410
3231 410
3232 410
3233 410
3234 410
3235 410
3236 410
3237 410
3238 410
3239 410
3240 410
3241 410
3242 410
3243 410
3244 410
3245 410
3246 410
3247 410
3248 410
3249 410
3250 410
3251 410
3252 410
3253 410
3254 410
3255 410
3256 411
3257 411
3258 411
3259 411
3260 412
3261 412
3262 412
3263 412
3264 413
3265 413
3266 414
3267 414
3268 414
3269 414
3270 415
3271 415
3272 415
3273 415
3274 416
3275 416
3276 416
3277 416
3278 416
3279 416
3280 416
3281 416
3282 416
3283 417
3284 417
3285 418
3286 418
3287 418
3288 419
3289 419
3290 419
3291 419
3292 419
3293 419
3294 420
3295 420
3296 420
3297 420
3298 420
3299 421
3300 422
3301 422
3302 422
3303 422
3304 422
3305 422
3306 422
3307 422
3308 422
3309 422
3310 422
3311 422
3312 422
3313 423
3314 423
3315 423
3316 423
3317 423
3318 423
3319 423
3320 423
3321 423
3322 423
3323 423
3324 423
3325 423
3326 423
3327 423
3328 423
3329 423
3330 423
3331 423
3332 423
3333 423
3334 423
3335 424
3336 424
3337 425
3338 425
3339 425
3340 425
3341 425
3342 426
3343 426
3344 427
3345 427
3346 427
3347 427
3348 427
3349 427
3350 427
3351 428
3352 429
3353 429
3354 430
3355 430
3356 430
3357 430
3358 430
3359 430
3360 430
3361 430
3362 430
3363 430
3364 430
3365 431
3366 431
3367 431
3368 431
3369 431
3370 431
3371 431
3372 431
3373 431
3374 431
3375 431
3376 431
3377 431
3378 431
3379 431
3380 431
3381 432
3382 432
3383 433
3384 433
3385 433
3386 433
3387 433
3388 433
3389 433
3390 433
3391 433
3392 433
3393 433
3394 433
3395 433
3396 433
3397 433
3398 433
3399 433
3400 433
3401 433
3402 433
3403 433
3404 433
3405 434
3406 434
3407 434
3408 434
3409 434
3410 434
3411 434
3412 434
3413 435
3414 435
3415 435
3416 435
3417 435
3418 435
3419 435
3420 435
3421 435
3422 435
3423 436
3424 437
3425 437
3426 437
3427 437
3428 437
3429 437
3430 437
3431 437
3432 437
3433 437
3434 437
3435 437
3436 437
3437 437
3438 437
3439 437
3440 437
3441 437
3442 437
3443 438
3444 438
3445 438
3446 438
3447 438
3448 438
3449 438
3450 438
3451 438
3452 438
3453 438
3454 439
3455 439
3456 439
3457 439
3458 439
3459 439
3460 439
3461 439
3462 439
3463 440
3464 440
3465 440
3466 440
3467 440
3468 441
3469 442
3470 442
3471 442
3472 442
3473 442
3474 442
3475 442
3476 442
3477 443
3478 444
3479 444
3480 444
3481 444
3482 444
3483 444
3484 444
3485 444
3486 445
3487 445
3488 446
3489 446
3490 446
3491 446
3492 446
3493 446
3494 446
3495 446
3496 446
3497 446
3498 446
3499 446
3500 446
3501 446
3502 446
3503 446
3504 446
3505 446
3506 446
3507 446
3508 446
3509 446
3510 447
3511 447
3512 447
3513 447
3514 447
3515 447
3516 447
3517 447
3518 447
3519 447
3520 447
3521 447
3522 447
3523 447
3524 447
3525 448
3526 448
3527 448
3528 448
3529 449
3530 449
3531 450
3532 450
3533 450
3534 450
3535 450
3536 450
3537 451
3538 451
3539 452
3540 452
3541 452
3542 453
3543 454
3544 454
3545 454
3546 455
3547 455
3548 455
3549 455
3550 455
3551 455
3552 455
3553 455
3554 455
3555 456
3556 457
3557 457
3558 457
3559 457
3560 457
3561 457
3562 458
3563 458
3564 458
3565 458
3566 459
3567 459
3568 459
3569 460
3570 460
3571 460
3572 460
3573 460
3574 460
3575 460
3576 460
3577 460
3578 460
3579 460
3580 460
3581 460
3582 460
3583 460
3584 460
3585 461
3586 461
3587 461
3588 461
3589 461
3590 462
3591 462
3592 463
3593 463
3594 463
3595 464
3596 464
3597 464
3598 464
3599 464
3600 464
3601 464
3602 464
3603 464
3604 464
3605 464
3606 464
3607 464
3608 465
3609 465
3610 465
3611 465
3612 465
3613 465
3614 465
3615 465
3616 465
3617 465
3618 465
3619 465
3620 465
3621 465
3622 465
3623 465
3624 466
3625 466
3626 466
3627 466
3628 466
3629 466
3630 466
3631 466
3632 466
3633 466
3634 467
3635 467
3636 467
3637 467
3638 467
3639 467
3640 467
3641 467
3642 468
3643 469
3644 469
3645 469
3646 469
3647 469
3648 469
3649 469
3650 469
3651 469
3652 469
3653 469
3654 469
3655 470
3656 470
3657 471
3658 471
3659 471
3660 471
3661 471
3662 471
3663 471
3664 471
3665 472
3666 472
3667 473
3668 473
3669 474
3670 475
3671 475
3672 475
3673 476
3674 476
3675 476
3676 476
3677 476
3678 476
3679 476
3680 476
3681 476
3682 477
3683 477
3684 477
3685 477
3686 477
3687 477
3688 477
3689 478
3690 478
3691 479
3692 479
3693 479
3694 480
3695 480
3696 480
3697 480
3698 480
3699 481
3700 481
3701 481
3702 481
3703 481
3704 481
3705 481
3706 481
3707 481
3708 482
3709 483
3710 483
3711 484
3712 484
3713 484
3714 484
3715 484
3716 484
3717 484
3718 485
3719 485
3720 485
3721 485
3722 485
3723 485
3724 485
3725 485
3726 485
3727 485
3728 485
3729 486
3730 486
3731 487
3732 488
3733 488
3734 488
3735 488
3736 488
3737 488
3738 488
3739 488
3740 488
3741 488
3742 488
3743 489
3744 489
3745 490
3746 490
3747 490
3748 490
3749 490
3750 490
3751 490
3752 491
3753 491
3754 491
3755 491
3756 491
3757 491
3758 491
3759 491
3760 491
3761 492
3762 492
3763 493
3764 493
3765 493
3766 493
3767 493
3768 493
3769 493
3770 493
3771 493
3772 493
3773 493
3774 493
3775 493
3776 493
3777 493
3778 493
3779 493
3780 493
3781 493
3782 493
3783 494
3784 494
3785 494
3786 494
3787 494
3788 494
3789 494
3790 494
3791 494
3792 494
3793 494
3794 494
3795 494
3796 494
3797 494
3798 494
3799 494
3800 494
3801 494
3802 494
3803 494
3804 494
3805 494
3806 494
3807 494
3808 494
3809 494
3810 494
3811 495
3812 495
3813 495
3814 495
3815 495
3816 495
3817 495
3818 495
3819 495
3820 495
3821 495
3822 495
3823 495
3824 495
3825 495
3826 495
3827 495
3828 495
3829 495
3830 495
3831 495
3832 495
3833 495
3834 495
3835 495
3836 495
3837 495
3838 495
3839 495
3840 495
3841 495
3842 495
3843 495
3844 495
3845 495
3846 496
3847 496
3848 496
3849 496
3850 496
3851 496
3852 497
3853 497
3854 497
3855 497
3856 498
3857 498
3858 498
3859 498
3860 499
3861 499
3862 499
3863 499
3864 499
3865 499
3866 499
3867 499
3868 499
3869 500
3870 500
3871 500
3872 500
3873 500
3874 500
3875 501
3876 501
3877 501
3878 502
3879 503
3880 503
3881 503
3882 503
3883 503
3884 503
3885 503
3886 503
3887 503
3888 503
3889 503
3890 503
3891 503
3892 503
3893 503
3894 503
3895 503
3896 503
3897 503
3898 504
3899 504
3900 504
3901 504
3902 505
3903 505
3904 505
3905 505
3906 505
3907 505
3908 505
3909 505
3910 505
3911 505
3912 505
3913 505
3914 505
3915 505
3916 505
3917 505
3918 505
3919 505
3920 505
3921 505
3922 505
3923 505
3924 505
3925 505
3926 505
3927 505
3928 505
3929 506
3930 506
3931 506
3932 506
3933 506
3934 506
3935 506
3936 506
3937 506
3938 506
3939 506
3940 506
3941 506
3942 506
3943 506
3944 506
3945 506
3946 506
3947 507
3948 508
3949 508
3950 508
3951 508
3952 508
3953 508
3954 509
3955 509
3956 509
3957 509
3958 510
3959 510
3960 510
3961 510
3962 510
3963 510
3964 510
3965 510
3966 511
3967 512
3968 512
3969 513
3970 513
3971 513
3972 514
3973 514
3974 514
3975 514
3976 514
3977 515
3978 515
3979 516
3980 516
3981 516
3982 516
3983 517
3984 517
3985 518
3986 519
3987 519
3988 519
3989 519
3990 520
3991 520
3992 520
3993 520
3994 520
3995 520
3996 520
3997 520
3998 520
3999 520
4000 520
4001 520
4002 520
4003 520
4004 520
4005 520
4006 520
4007 520
4008 520
4009 520
4010 520
4011 520
4012 520
4013 520
4014 520
4015 520
4016 520
4017 520
4018 520
4019 520
4020 521
4021 521
4022 521
4023 521
4024 521
4025 521
4026 521
4027 521
4028 521
4029 521
4030 521
4031 521
4032 521
4033 521
4034 521
4035 521
4036 521
4037 521
4038 521
4039 521
4040 521
4041 522
4042 523
4043 523
4044 523
4045 523
4046 523
4047 523
4048 523
4049 523
4050 524
4051 524
4052 524
4053 524
4054 525
4055 525
4056 525
4057 525
4058 525
4059 525
4060 525
4061 525
4062 525
4063 525
4064 525
4065 525
4066 525
4067 525
4068 525
4069 525
4070 525
4071 525
4072 525
4073 525
4074 525
4075 525
4076 525
4077 525
4078 525
4079 525
4080 525
4081 525
4082 525
4083 526
4084 526
4085 526
4086 527
4087 527
4088 527
4089 527
4090 527
4091 527
4092 527
4093 527
4094 527
4095 527
4096 527
4097 527
4098 527
4099 528
4100 528
4101 528
4102 528
4103 529
4104 530
4105 531
4106 531
4107 532
4108 532
4109 532
4110 532
4111 532
4112 532
4113 532
4114 532
4115 532
4116 532
4117 532
4118 532
4119 532
4120 532
4121 532
4122 532
4123 533
4124 533
4125 534
4126 534
4127 534
4128 534
4129 534
4130 534
4131 534
4132 534
4133 534
4134 534
4135 534
4136 534
4137 534
4138 534
4139 534
4140 534
4141 534
4142 534
4143 534
4144 534
4145 534
4146 534
4147 534
4148 534
4149 534
4150 534
4151 534
4152 534
4153 534
4154 535
4155 535
4156 535
4157 535
4158 535
4159 535
4160 535
4161 535
4162 536
4163 536
4164 537
4165 537
4166 538
4167 538
4168 538
4169 539
4170 539
4171 539
4172 539
4173 539
4174 539
4175 539
4176 539
4177 539
4178 539
4179 539
4180 539
4181 539
4182 539
4183 539
4184 539
4185 539
4186 539
4187 540
4188 541
4189 541
4190 541
4191 541
4192 541
4193 541
4194 541
4195 541
4196 541
4197 541
4198 542
4199 542
4200 542
4201 542
4202 542
4203 543
4204 543
4205 543
4206 543
4207 543
4208 543
4209 543
4210 543
4211 544
4212 544
4213 544
4214 544
4215 544
4216 544
4217 544
4218 544
4219 544
4220 544
4221 544
4222 544
4223 544
4224 544
4225 544
4226 544
4227 544
4228 544
4229 544
4230 545
4231 545
4232 546
4233 546
4234 546
4235 546
4236 546
4237 546
4238 546
4239 546
4240 546
4241 546
4242 546
4243 546
4244 547
4245 547
4246 547
4247 547
4248 547
4249 547
4250 547
4251 547
4252 547
4253 547
4254 548
4255 548
4256 548
4257 548
4258 548
4259 549
4260 549
4261 549
4262 549
4263 549
4264 549
4265 549
4266 550
4267 550
4268 550
4269 551
4270 552
4271 553
4272 554
4273 554
4274 554
4275 554
4276 554
4277 555
4278 555
4279 555
4280 555
4281 556
4282 556
4283 556
4284 556
4285 556
4286 556
4287 556
4288 556
4289 556
4290 556
4291 556
4292 556
4293 556
4294 556
4295 556
4296 556
4297 556
4298 556
4299 556
4300 556
4301 556
4302 556
4303 556
4304 557
4305 557
4306 557
4307 558
4308 558
4309 559
4310 559
4311 559
4312 560
4313 560
4314 560
4315 560
4316 561
4317 561
4318 561
4319 561
4320 561
4321 561
4322 561
4323 561
4324 561
4325 561
4326 561
4327 561
4328 562
4329 562
4330 562
4331 563
4332 563
4333 563
4334 563
4335 563
4336 563
4337 563
4338 563
4339 563
4340 563
4341 563
4342 563
4343 563
4344 564
4345 565
4346 565
4347 565
4348 565
4349 565
4350 565
4351 565
4352 566
4353 566
4354 566
4355 566
4356 566
4357 566
4358 566
4359 566
4360 566
4361 566
4362 567
4363 567
4364 567
4365 567
4366 568
4367 568
4368 568
4369 568
4370 568
4371 568
4372 568
4373 568
4374 568
4375 568
4376 568
4377 568
4378 568
4379 568
4380 568
4381 568
4382 568
4383 568
4384 568
4385 568
4386 569
4387 569
4388 570
4389 570
4390 570
4391 571
4392 571
4393 571
4394 572
4395 572
4396 572
4397 573
4398 573
4399 574
4400 574
4401 574
4402 574
4403 574
4404 574
4405 574
4406 574
4407 574
4408 574
4409 574
4410 574
4411 574
4412 574
4413 574
4414 574
4415 574
4416 574
4417 574
4418 575
4419 576
4420 577
4421 577
4422 577
4423 577
4424 577
4425 577
4426 577
4427 577
4428 577
4429 577
4430 577
4431 577
4432 577
4433 577
4434 577
4435 577
4436 577
4437 577
4438 577
4439 577
4440 577
4441 577
4442 577
4443 577
4444 577
4445 577
4446 577
4447 577
4448 577
4449 577
4450 577
4451 577
4452 577
4453 577
4454 577
4455 577
4456 577
4457 577
4458 577
4459 577
4460 577
4461 577
4462 577
4463 577
4464 577
4465 577
4466 577
4467 577
4468 577
4469 578
4470 579
4471 579
4472 579
4473 579
4474 579
4475 579
4476 579
4477 579
4478 579
4479 579
4480 579
4481 579
4482 579
4483 580
4484 580
4485 580
4486 581
4487 581
4488 581
4489 581
4490 581
4491 581
4492 581
4493 581
4494 581
4495 582
4496 582
4497 582
4498 582
4499 582
4500 583
4501 583
4502 583
4503 584
4504 584
4505 584
4506 584
4507 584
4508 584
4509 584
4510 584
4511 584
4512 584
4513 584
4514 584
4515 584
4516 584
4517 584
4518 584
4519 584
4520 584
4521 585
4522 585
4523 585
4524 585
4525 585
4526 585
4527 585
4528 585
4529 585
4530 585
4531 585
4532 585
4533 585
4534 585
4535 585
4536 585
4537 586
4538 586
4539 586
4540 586
4541 586
4542 586
4543 586
4544 586
4545 586
4546 587
4547 587
4548 587
4549 587
4550 587
4551 587
4552 587
4553 587
4554 587
4555 587
4556 587
4557 587
4558 588
4559 588
4560 588
4561 588
4562 588
4563 588
4564 589
4565 589
4566 589
4567 589
4568 589
4569 589
4570 589
4571 589
4572 589
4573 589
4574 590
4575 590
4576 590
4577 590
4578 590
4579 590
4580 591
4581 591
4582 591
4583 591
4584 592
4585 592
4586 593
4587 594
4588 594
4589 594
4590 594
4591 594
4592 594
4593 594
4594 595
4595 595
4596 595
4597 595
4598 595
4599 595
4600 595
4601 595
4602 595
4603 595
4604 595
4605 595
4606 596
4607 596
4608 596
4609 596
4610 596
4611 596
4612 596
4613 596
4614 596
4615 596
4616 596
4617 596
4618 596
4619 596
4620 597
4621 597
4622 597
4623 597
4624 598
4625 598
4626 598
4627 598
4628 598
4629 598
4630 598
4631 598
4632 598
4633 598
4634 598
4635 599
4636 600
4637 600
4638 600
4639 600
4640 600
4641 600
4642 600
4643 600
4644 600
4645 600
4646 601
4647 601
4648 602
4649 603
4650 603
4651 603
4652 603
4653 603
4654 603
4655 603
4656 603
4657 603
4658 603
4659 603
4660 603
4661 603
4662 603
4663 603
4664 603
4665 603
4666 603
4667 603
4668 604
4669 604
4670 604
4671 604
4672 604
4673 604
4674 604
4675 604
4676 604
4677 604
4678 604
4679 604
4680 605
4681 605
4682 605
4683 605
4684 605
4685 605
4686 605
4687 605
4688 605
4689 605
4690 605
4691 606
4692 606
4693 606
4694 606
4695 607
4696 607
4697 607
4698 608
4699 608
4700 608
4701 608
4702 608
4703 608
4704 608
4705 608
4706 608
4707 608
4708 608
4709 608
4710 608
4711 608
4712 608
4713 608
4714 608
4715 608
4716 608
4717 608
4718 608
4719 608
4720 609
4721 609
4722 609
4723 609
4724 609
4725 609
4726 609
4727 609
4728 609
4729 609
4730 609
4731 609
4732 609
4733 609
4734 609
4735 609
4736 609
4737 609
4738 609
4739 609
4740 609
4741 609
4742 609
4743 609
4744 609
4745 609
4746 609
4747 609
4748 609
4749 610
4750 610
4751 610
4752 610
4753 610
4754 610
4755 611
4756 611
4757 611
4758 611
4759 611
4760 612
4761 612
4762 612
4763 613
4764 613
4765 613
4766 614
4767 614
4768 614
4769 614
4770 614
4771 615
4772 616
4773 616
4774 616
4775 616
4776 616
4777 616
4778 616
4779 616
4780 616
4781 616
4782 616
4783 616
4784 616
4785 616
4786 616
4787 617
4788 617
4789 617
4790 617
4791 617
4792 617
4793 617
4794 617
4795 617
4796 617
4797 617
4798 617
4799 618
4800 618
4801 618
4802 618
4803 618
4804 618
4805 618
4806 618
4807 618
4808 618
4809 618
4810 618
4811 618
4812 618
4813 618
4814 618
4815 618
4816 618
4817 619
4818 620
4819 620
4820 620
4821 620
4822 620
4823 620
4824 620
4825 620
4826 620
4827 620
4828 620
4829 620
4830 620
4831 620
4832 621
4833 621
4834 621
4835 621
4836 621
4837 621
4838 622
4839 622
4840 622
4841 622
4842 622
4843 622
4844 622
4845 622
4846 622
4847 622
4848 622
4849 622
4850 622
4851 622
4852 622
4853 622
4854 622
4855 622
4856 622
4857 622
4858 622
4859 622
4860 622
4861 622
4862 622
4863 622
4864 622
4865 623
4866 623
4867 623
4868 623
4869 624
4870 624
4871 624
4872 624
4873 624
4874 624
4875 624
4876 624
4877 624
4878 625
4879 625
4880 625
4881 625
4882 625
4883 625
4884 626
4885 626
4886 626
4887 626
4888 626
4889 626
4890 626
4891 626
4892 626
4893 626
4894 626
4895 626
4896 626
4897 626
4898 626
4899 626
4900 626
4901 626
4902 626
4903 626
4904 626
4905 626
4906 626
4907 626
4908 626
4909 627
4910 628
4911 628
4912 628
4913 628
4914 629
4915 629
4916 629
4917 629
4918 629
4919 629
4920 630
4921 630
4922 631
4923 631
4924 631
4925 631
4926 631
4927 631
4928 631
4929 631
4930 631
4931 631
4932 632
4933 632
4934 632
4935 632
4936 632
4937 632
4938 632
4939 632
4940 632
4941 633
4942 633
4943 633
4944 634
4945 634
4946 634
4947 634
4948 634
4949 634
4950 634
4951 634
4952 634
4953 634
4954 634
4955 634
4956 634
4957 634
4958 635
4959 636
4960 637
4961 637
4962 637
4963 637
4964 638
4965 638
4966 638
4967 639
4968 639
4969 639
4970 640
4971 640
4972 640
4973 640
4974 640
4975 641
4976 641
4977 641
4978 641
4979 641
4980 641
4981 641
4982 642
4983 642
4984 643
4985 643
4986 644
4987 644
4988 644
4989 644
4990 644
4991 644
4992 644
4993 644
4994 644
4995 644
4996 644
4997 644
4998 644
4999 644
5000 644
5001 644
5002 644
5003 644
5004 644
5005 644
5006 644
5007 645
5008 645
5009 645
5010 645
5011 645
5012 645
5013 645
5014 645
5015 645
5016 645
5017 645
5018 645
5019 645
5020 645
5021 645
5022 645
5023 645
5024 645
5025 645
5026 645
5027 645
5028 645
5029 645
5030 645
5031 645
5032 645
5033 645
5034 645
5035 645
5036 645
5037 645
5038 645
5039 645
5040 645
5041 645
5042 645
5043 646
5044 647
5045 647
5046 647
5047 647
5048 647
5049 647
5050 647
5051 647
5052 647
5053 647
5054 647
5055 647
5056 647
5057 647
5058 648
5059 648
5060 649
5061 649
5062 649
5063 649
5064 649
5065 649
5066 649
5067 649
5068 649
5069 649
5070 649
5071 649
5072 649
5073 649
5074 649
5075 649
5076 649
5077 649
5078 649
5079 649
5080 649
5081 650
5082 650
5083 650
5084 650
5085 650
5086 651
5087 651
5088 651
5089 651
5090 651
5091 651
5092 651
5093 651
5094 651
5095 651
5096 651
5097 651
5098 651
5099 651
5100 652
5101 652
5102 652
5103 652
5104 652
5105 652
5106 652
5107 652
5108 652
5109 652
5110 652
5111 652
5112 652
5113 652
5114 653
5115 653
5116 653
5117 653
5118 653
5119 653
5120 653
5121 653
5122 653
5123 653
5124 654
5125 654
5126 655
5127 655
5128 655
5129 656
5130 656
5131 656
5132 656
5133 656
5134 656
5135 657
5136 657
5137 658
5138 658
5139 658
5140 659
5141 659
5142 659
5143 659
5144 659
5145 659
5146 659
5147 659
5148 659
5149 659
5150 659
5151 659
5152 659
5153 660
5154 660
5155 660
5156 660
5157 660
5158 660
5159 660
5160 660
5161 660
5162 660
5163 660
5164 660
5165 660
5166 660
5167 660
5168 660
5169 661
5170 661
5171 661
5172 661
5173 661
5174 661
5175 662
5176 662
5177 662
5178 663
5179 663
5180 664
5181 665
5182 665
5183 665
5184 665
5185 665
5186 665
5187 665
5188 665
5189 665
5190 665
5191 665
5192 665
5193 665
5194 665
5195 665
5196 665
5197 665
5198 665
5199 666
5200 666
5201 666
5202 666
5203 666
5204 666
5205 666
5206 666
5207 666
5208 666
5209 666
5210 666
5211 666
5212 666
5213 666
5214 666
5215 666
5216 666
5217 666
5218 666
5219 666
5220 666
5221 666
5222 666
5223 666
5224 666
5225 666
5226 666
5227 666
5228 666
5229 666
5230 666
5231 666
5232 666
5233 666
5234 666
5235 666
5236 666
5237 666
5238 666
5239 667
5240 667
5241 667
5242 667
5243 667
5244 667
5245 667
5246 667
5247 667
5248 667
5249 667
5250 667
5251 667
5252 667
5253 667
5254 667
5255 667
5256 667
5257 667
5258 667
5259 667
5260 667
5261 667
5262 667
5263 667
5264 667
5265 667
5266 667
5267 667
5268 667
5269 667
5270 667
5271 667
5272 668
5273 668
5274 668
5275 668
5276 668
5277 668
5278 668
5279 668
5280 668
5281 668
5282 668
5283 668
5284 668
5285 668
5286 668
5287 669
5288 670
5289 670
5290 670
5291 670
5292 670
5293 670
5294 670
5295 670
5296 671
5297 671
5298 671
5299 671
5300 671
5301 671
5302 671
5303 671
5304 671
5305 671
5306 671
5307 671
5308 672
5309 672
5310 672
5311 672
5312 672
5313 672
5314 672
5315 672
5316 672
5317 672
5318 672
5319 672
5320 673
5321 673
5322 673
5323 673
5324 673
5325 673
5326 673
5327 673
5328 673
5329 673
5330 673
5331 673
5332 673
5333 674
5334 674
5335 674
5336 674
5337 674
5338 674
5339 674
5340 675
5341 675
5342 675
5343 676
5344 677
5345 677
5346 677
5347 677
5348 677
5349 677
5350 678
5351 678
5352 679
5353 679
5354 679
5355 679
5356 679
5357 679
5358 679
5359 679
5360 679
5361 679
5362 679
5363 679
5364 679
5365 679
5366 679
5367 679
5368 679
5369 679
5370 679
5371 679
5372 680
5373 680
5374 680
5375 681
5376 681
5377 681
5378 681
5379 681
5380 681
5381 681
5382 681
5383 681
5384 681
5385 681
5386 681
5387 681
5388 682
5389 682
5390 682
5391 682
5392 682
5393 683
5394 683
5395 683
5396 683
5397 683
5398 683
5399 683
5400 684
5401 685
5402 685
5403 685
5404 685
5405 685
5406 685
5407 686
5408 686
5409 686
5410 686
5411 686
5412 686
5413 687
5414 687
5415 687
5416 687
5417 688
5418 688
5419 688
5420 688
5421 688
5422 688
5423 688
5424 689
5425 689
5426 689
5427 689
5428 689
5429 689
5430 689
5431 689
5432 689
5433 689
5434 689
5435 689
5436 689
5437 689
5438 689
5439 689
5440 689
5441 689
5442 689
5443 689
5444 689
5445 689
5446 689
5447 689
5448 689
5449 689
5450 689
5451 689
5452 689
5453 689
5454 689
5455 689
5456 689
5457 689
5458 689
5459 689
5460 689
5461 689
5462 689
5463 689
5464 689
5465 689
5466 690
5467 690
5468 690
5469 691
5470 691
5471 691
5472 691
5473 691
5474 691
5475 691
5476 692
5477 692
5478 692
5479 692
5480 692
5481 692
5482 693
5483 693
5484 694
5485 694
5486 694
5487 694
5488 694
5489 694
5490 694
5491 694
5492 694
5493 694
5494 694
5495 694
5496 694
5497 694
5498 694
5499 694
5500 694
5501 694
5502 694
5503 694
5504 694
5505 694
5506 694
5507 694
5508 694
5509 695
5510 695
5511 695
5512 695
5513 695
5514 695
5515 695
5516 695
5517 695
5518 696
5519 696
5520 697
5521 697
5522 697
5523 697
5524 697
5525 697
5526 697
5527 697
5528 698
5529 698
5530 698
5531 698
5532 698
5533 698
5534 698
5535 698
5536 698
5537 698
5538 698
5539 698
5540 698
5541 698
5542 698
5543 698
5544 698
5545 698
5546 698
5547 698
5548 698
5549 698
5550 698
5551 698
5552 698
5553 698
5554 698
5555 699
5556 699
5557 699
5558 699
5559 699
5560 699
5561 699
5562 699
5563 699
5564 699
5565 699
5566 699
5567 699
5568 699
5569 699
5570 700
5571 700
5572 700
5573 700
5574 700
5575 700
5576 700
5577 700
5578 700
5579 701
5580 701
5581 701
5582 701
5583 701
5584 701
5585 702
5586 702
5587 702
5588 702
5589 702
5590 702
5591 702
5592 702
5593 703
5594 703
5595 703
5596 703
5597 703
5598 703
5599 703
5600 704
5601 704
5602 704
5603 704
5604 705
5605 706
5606 706
5607 706
5608 707
5609 707
5610 707
5611 707
5612 707
5613 708
5614 708
5615 708
5616 709
5617 709
5618 710
5619 711
5620 711
5621 711
5622 711
5623 711
5624 711
5625 711
5626 711
5627 711
5628 711
5629 711
5630 711
5631 711
5632 711
5633 711
5634 712
5635 712
5636 712
5637 712
5638 712
5639 712
5640 712
5641 712
5642 712
5643 712
5644 712
5645 712
5646 712
5647 713
5648 713
5649 713
5650 713
5651 713
5652 713
5653 713
5654 713
5655 713
5656 713
5657 713
5658 713
5659 713
5660 713
5661 713
5662 714
5663 714
5664 714
5665 714
5666 714
5667 714
5668 714
5669 714
5670 714
5671 714
5672 715
5673 716
5674 716
5675 716
5676 716
5677 716
5678 716
5679 716
5680 716
5681 716
5682 716
5683 716
5684 716
5685 716
5686 716
5687 716
5688 716
5689 716
5690 716
5691 717
5692 717
5693 717
5694 717
5695 717
5696 717
5697 718
5698 718
5699 718
5700 718
5701 718
5702 718
5703 718
5704 718
5705 718
5706 718
5707 718
5708 718
5709 719
5710 719
5711 719
5712 719
5713 719
5714 719
5715 719
5716 719
5717 719
5718 719
5719 719
5720 719
5721 719
5722 719
5723 719
5724 719
5725 719
5726 719
5727 719
5728 719
5729 719
5730 720
5731 720
5732 720
5733 721
5734 721
5735 721
5736 721
5737 721
5738 721
5739 721
5740 721
5741 721
5742 721
5743 721
5744 721
5745 721
5746 721
5747 721
5748 721
5749 721
5750 721
5751 721
5752 721
5753 721
5754 721
5755 721
5756 721
5757 721
5758 721
5759 721
5760 721
5761 721
5762 721
5763 721
5764 721
5765 721
5766 721
5767 721
5768 721
5769 721
5770 721
5771 721
5772 721
5773 721
5774 721
5775 722
5776 723
5777 723
5778 723
5779 723
5780 723
5781 723
5782 723
5783 723
5784 723
5785 723
5786 723
5787 723
5788 724
5789 724
5790 724
5791 724
5792 724
5793 724
5794 724
5795 724
5796 724
5797 724
5798 724
5799 724
5800 724
5801 724
5802 724
5803 724
5804 724
5805 724
5806 724
5807 724
5808 724
5809 724
5810 724
5811 724
5812 725
5813 725
5814 725
5815 725
5816 725
5817 725
5818 725
5819 726
5820 726
5821 726
5822 726
5823 726
5824 726
5825 726
5826 726
5827 726
5828 727
5829 727
5830 727
5831 727
5832 727
5833 727
5834 727
5835 727
5836 727
5837 727
5838 727
5839 727
5840 727
5841 727
5842 727
5843 727
5844 728
5845 728
5846 728
5847 728
5848 728
5849 728
5850 729
5851 729
5852 729
5853 729
5854 729
5855 729
5856 729
5857 729
5858 729
5859 729
5860 729
5861 729
5862 730
5863 730
5864 730
5865 731
5866 731
5867 731
5868 731
5869 731
5870 731
5871 732
5872 732
5873 732
5874 732
5875 732
5876 732
5877 732
5878 732
5879 732
5880 732
5881 732
5882 732
5883 732
5884 732
5885 732
5886 732
5887 733
5888 733
5889 733
5890 734
5891 734
5892 734
5893 734
5894 734
5895 734
5896 734
5897 734
5898 734
5899 734
5900 734
5901 734
5902 734
5903 734
5904 734
5905 734
5906 734
5907 734
5908 734
5909 734
5910 734
5911 734
5912 734
5913 734
5914 734
5915 734
5916 734
5917 735
5918 735
5919 735
5920 735
5921 735
5922 735
5923 735
5924 735
5925 735
5926 735
5927 735
5928 735
5929 735
5930 735
5931 735
5932 735
5933 735
5934 735
5935 735
5936 735
5937 735
5938 735
5939 735
5940 735
5941 736
5942 736
5943 737
5944 737
5945 737
5946 737
5947 738
5948 738
5949 738
5950 738
5951 738
5952 738
5953 739
5954 739
5955 739
5956 739
5957 739
5958 739
5959 739
5960 739
5961 740
5962 740
5963 740
5964 740
5965 740
5966 740
5967 740
5968 740
5969 740
5970 740
5971 740
5972 740
5973 741
5974 741
5975 741
5976 741
5977 741
5978 741
5979 741
5980 741
5981 741
5982 741
5983 741
5984 742
5985 742
5986 742
5987 742
5988 742
5989 743
5990 743
5991 743
5992 743
5993 743
5994 744
5995 744
5996 744
5997 744
5998 744
5999 744
6000 744
6001 744
6002 744
6003 744
6004 744
6005 744
6006 744
6007 744
6008 744
6009 744
6010 744
6011 745
6012 745
6013 746
6014 747
6015 748
6016 748
6017 748
6018 748
6019 749
6020 750
6021 750
6022 750
6023 750
6024 750
6025 750
6026 750
6027 750
6028 750
6029 750
6030 750
6031 751
6032 752
6033 752
6034 752
6035 752
6036 752
6037 752
6038 752
6039 752
6040 752
6041 752
6042 752
6043 752
6044 752
6045 752
6046 752
6047 752
6048 753
6049 753
6050 753
6051 753
6052 753
6053 753
6054 753
6055 754
6056 754
6057 754
6058 754
6059 754
6060 755
6061 755
6062 755
6063 755
6064 755
6065 755
6066 755
6067 755
6068 755
6069 755
6070 755
6071 755
6072 756
6073 756
6074 757
6075 757
6076 757
6077 757
6078 757
6079 757
6080 757
6081 757
6082 757
6083 757
6084 757
6085 757
6086 757
6087 757
6088 757
6089 757
6090 757
6091 758
6092 758
6093 758
6094 758
6095 758
6096 758
6097 758
6098 758
6099 758
6100 758
6101 758
6102 758
6103 758
6104 758
6105 759
6106 759
6107 759
6108 759
6109 759
6110 759
6111 759
6112 759
6113 759
6114 760
6115 761
6116 761
6117 762
6118 762
6119 762
6120 762
6121 762
6122 762
6123 762
6124 762
6125 762
6126 762
6127 763
6128 763
6129 763
6130 763
6131 763
6132 763
6133 763
6134 763
6135 763
6136 763
6137 763
6138 763
6139 764
6140 764
6141 764
6142 764
6143 764
6144 765
6145 765
6146 765
6147 765
6148 766
6149 766
6150 766
6151 767
6152 767
6153 767
6154 767
6155 767
6156 767
6157 767
6158 767
6159 767
6160 768
6161 768
6162 768
6163 768
6164 768
6165 768
6166 769
6167 769
6168 769
6169 770
6170 771
6171 771
6172 772
6173 772
6174 772
6175 772
6176 772
6177 772
6178 772
6179 772
6180 772
6181 772
6182 772
6183 773
6184 773
6185 773
6186 773
6187 774
6188 774
6189 774
6190 774
6191 774
6192 774
6193 774
6194 774
6195 774
6196 774
6197 774
6198 774
6199 774
6200 774
6201 774
6202 774
6203 774
6204 774
6205 774
6206 774
6207 774
6208 775
6209 776
6210 776
6211 776
6212 776
6213 776
6214 777
6215 778
6216 778
6217 778
6218 778
6219 778
6220 778
6221 778
6222 778
6223 778
6224 778
6225 778
6226 779
6227 779
6228 779
6229 779
6230 779
6231 779
6232 780
6233 780
6234 780
6235 780
6236 780
6237 780
6238 780
6239 780
6240 780
6241 780
6242 780
6243 780
6244 780
6245 780
6246 780
6247 780
6248 780
6249 780
6250 780
6251 780
6252 780
6253 780
6254 780
6255 780
6256 780
6257 780
6258 781
6259 781
6260 781
6261 781
6262 781
6263 781
6264 781
6265 782
6266 782
6267 782
6268 783
6269 784
6270 784
6271 784
6272 784
6273 785
6274 785
6275 785
6276 785
6277 786
6278 787
6279 787
6280 787
6281 787
6282 787
6283 787
6284 788
6285 788
6286 789
6287 789
6288 790
6289 790
6290 791
6291 791
6292 792
6293 792
6294 792
6295 792
6296 792
6297 792
6298 792
6299 792
6300 792
6301 793
6302 793
6303 793
6304 793
6305 793
6306 793
6307 793
6308 793
6309 793
6310 794
6311 795
6312 795
6313 795
6314 795
6315 796
6316 797
6317 798
6318 799
6319 799
6320 800
6321 800
6322 800
6323 800
6324 800
6325 801
6326 801
6327 801
6328 801
6329 801
6330 801
6331 801
6332 801
6333 801
6334 801
6335 801
6336 801
6337 801
6338 801
6339 801
6340 801
6341 801
6342 801
6343 801
6344 802
6345 802
6346 802
6347 802
6348 802
6349 802
6350 802
6351 802
6352 802
6353 802
6354 802
6355 802
6356 802
6357 803
6358 803
6359 803
6360 803
6361 804
6362 804
6363 804
6364 805
6365 805
6366 805
6367 805
6368 805
6369 806
6370 806
6371 806
6372 806
6373 806
6374 806
6375 806
6376 806
6377 806
6378 806
6379 806
6380 806
6381 806
6382 806
6383 806
6384 806
6385 806
6386 806
6387 806
6388 807
6389 807
6390 807
6391 807
6392 808
6393 808
6394 808
6395 809
6396 809
6397 809
6398 809
6399 809
6400 810
6401 810
6402 810
6403 810
6404 811
6405 811
6406 811
6407 811
6408 811
6409 811
6410 811
6411 811
6412 811
6413 811
6414 811
6415 812
6416 812
6417 812
6418 812
6419 812
6420 812
6421 812
6422 813
6423 813
6424 813
6425 813
6426 813
6427 813
6428 813
6429 813
6430 813
6431 813
6432 813
6433 813
6434 813
6435 813
6436 813
6437 813
6438 813
6439 814
6440 814
6441 814
6442 815
6443 815
6444 815
6445 815
6446 815
6447 815
6448 815
6449 815
6450 815
6451 815
6452 815
6453 816
6454 816
6455 816
6456 816
6457 816
6458 816
6459 816
6460 816
6461 816
6462 816
6463 816
6464 817
6465 818
6466 818
6467 818
6468 819
6469 819
6470 819
6471 819
6472 819
6473 819
6474 819
6475 819
6476 819
6477 819
6478 819
6479 819
6480 820
6481 820
6482 820
6483 820
6484 820
6485 820
6486 820
6487 820
6488 820
6489 820
6490 820
6491 820
6492 820
6493 821
6494 822
6495 823
6496 823
6497 823
6498 823
6499 823
6500 823
6501 823
6502 824
6503 824
6504 824
6505 824
6506 824
6507 824
6508 824
6509 824
6510 824
6511 824
6512 824
6513 824
6514 824
6515 824
6516 825
6517 825
6518 825
6519 826
6520 826
6521 826
6522 826
6523 827
6524 828
6525 828
6526 828
6527 828
6528 828
6529 828
6530 828
6531 828
6532 828
6533 828
6534 828
6535 828
6536 828
6537 828
6538 828
6539 828
6540 829
6541 829
6542 829
6543 829
6544 829
6545 829
6546 829
6547 829
6548 829
6549 830
6550 831
6551 831
6552 831
6553 831
6554 831
6555 831
6556 831
6557 831
6558 832
6559 832
6560 832
6561 833
6562 833
6563 833
6564 833
6565 833
6566 833
6567 833
6568 834
6569 834
6570 834
6571 834
6572 834
6573 834
6574 834
6575 834
6576 834
6577 834
6578 834
6579 834
6580 834
6581 834
6582 834
6583 834
6584 834
6585 834
6586 834
6587 834
6588 834
6589 834
6590 834
6591 834
6592 834
6593 834
6594 834
6595 834
6596 834
6597 834
6598 834
6599 834
6600 834
6601 834
6602 834
6603 834
6604 834
6605 834
6606 834
6607 834
6608 835
6609 835
6610 835
6611 835
6612 835
6613 835
6614 835
6615 835
6616 836
6617 836
6618 837
6619 837
6620 837
6621 837
6622 837
6623 837
6624 837
6625 837
6626 837
6627 837
6628 837
6629 837
6630 837
6631 837
6632 837
6633 838
6634 838
6635 839
6636 839
6637 839
6638 839
6639 839
6640 839
6641 839
6642 839
6643 839
6644 839
6645 839
6646 839
6647 839
6648 839
6649 839
6650 839
6651 839
6652 839
6653 839
6654 839
6655 839
6656 839
6657 840
6658 840
6659 840
6660 840
6661 840
6662 840
6663 840
6664 840
6665 840
6666 840
6667 840
6668 840
6669 840
6670 840
6671 840
6672 840
6673 840
6674 840
6675 840
6676 840
6677 840
6678 840
6679 840
6680 840
6681 840
6682 840
6683 840
6684 840
6685 840
6686 840
6687 840
6688 840
6689 840
6690 840
6691 841
6692 841
6693 841
6694 841
6695 841
6696 841
6697 841
6698 841
6699 841
6700 841
6701 841
6702 841
6703 841
6704 841
6705 841
6706 842
6707 842
6708 842
6709 842
6710 842
6711 842
6712 842
6713 842
6714 842
6715 842
6716 842
6717 842
6718 842
6719 842
6720 842
6721 842
6722 842
6723 842
6724 843
6725 844
6726 844
6727 844
6728 844
6729 844
6730 844
6731 844
6732 844
6733 844
6734 844
6735 845
6736 845
6737 846
6738 846
6739 846
6740 846
6741 846
6742 846
6743 846
6744 846
6745 846
6746 846
6747 846
6748 846
6749 846
6750 846
6751 846
6752 846
6753 846
6754 846
6755 846
6756 846
6757 846
6758 847
6759 848
6760 848
6761 848
6762 848
6763 848
6764 848
6765 848
6766 848
6767 848
6768 848
6769 848
6770 848
6771 848
6772 848
6773 849
6774 849
6775 849
6776 849
6777 849
6778 849
6779 849
6780 849
6781 849
6782 849
6783 850
6784 850
6785 850
6786 850
6787 850
6788 850
6789 850
6790 851
6791 851
6792 852
6793 852
6794 852
6795 852
6796 852
6797 852
6798 852
6799 852
6800 852
6801 852
6802 852
6803 852
6804 852
6805 852
6806 852
6807 852
6808 852
6809 852
6810 852
6811 852
6812 852
6813 852
6814 852
6815 852
6816 852
6817 852
6818 852
6819 852
6820 852
6821 852
6822 853
6823 853
6824 853
6825 853
6826 854
6827 854
6828 854
6829 854
6830 854
6831 854
6832 854
6833 855
6834 855
6835 855
6836 855
6837 855
6838 856
6839 856
6840 856
6841 856
6842 856
6843 856
6844 856
6845 856
6846 856
6847 856
6848 857
6849 857
6850 857
6851 857
6852 857
6853 857
6854 857
6855 857
6856 857
6857 857
6858 857
6859 857
6860 857
6861 857
6862 857
6863 857
6864 857
6865 858
6866 858
6867 858
6868 858
6869 858
6870 858
6871 858
6872 859
6873 859
6874 859
6875 859
6876 859
6877 859
6878 859
6879 859
6880 859
6881 859
6882 859
6883 859
6884 859
6885 860
6886 860
6887 860
6888 860
6889 860
6890 860
6891 860
6892 860
6893 860
6894 861
6895 861
6896 861
6897 861
6898 861
6899 861
6900 862
6901 862
6902 862
6903 862
6904 862
6905 863
6906 863
6907 863
6908 864
6909 864
6910 864
6911 864
6912 864
6913 864
6914 864
6915 864
6916 864
6917 864
6918 864
6919 864
6920 864
6921 864
6922 865
6923 865
6924 865
6925 866
6926 866
6927 866
6928 866
6929 866
6930 866
6931 866
6932 866
6933 866
6934 866
6935 867
6936 867
6937 867
6938 867
6939 867
6940 867
6941 867
6942 867
6943 867
6944 867
6945 867
6946 867
6947 868
6948 869
6949 869
6950 869
6951 869
6952 869
6953 869
6954 870
6955 870
6956 870
6957 871
6958 871
6959 871
6960 871
6961 871
6962 872
6963 872
6964 872
6965 872
6966 872
6967 872
6968 872
6969 872
6970 872
6971 873
6972 873
6973 873
6974 873
6975 873
6976 873
6977 873
6978 874
6979 874
6980 874
6981 874
6982 874
6983 874
6984 874
6985 874
6986 874
6987 874
6988 875
6989 875
6990 875
6991 875
6992 876
6993 876
6994 876
6995 876
6996 876
6997 876
6998 877
6999 877
7000 877
7001 877
7002 877
7003 877
7004 877
7005 877
7006 877
7007 877
7008 877
7009 877
7010 877
7011 878
7012 878
7013 878
7014 878
7015 878
7016 878
7017 878
7018 878
7019 879
7020 879
7021 879
7022 880
7023 880
7024 880
7025 880
7026 880
7027 880
7028 880
7029 880
7030 880
7031 881
7032 881
7033 881
7034 882
7035 882
7036 882
7037 882
7038 882
7039 883
7040 883
7041 883
7042 883
7043 883
7044 883
7045 883
7046 883
7047 883
7048 883
7049 883
7050 884
7051 884
7052 884
7053 884
7054 884
7055 884
7056 884
7057 884
7058 885
7059 886
7060 886
7061 886
7062 886
7063 886
7064 886
7065 886
7066 886
7067 886
7068 886
7069 886
7070 886
7071 886
7072 886
7073 886
7074 886
7075 886
7076 886
7077 886
7078 886
7079 886
7080 886
7081 886
7082 887
7083 887
7084 887
7085 887
7086 887
7087 887
7088 887
7089 887
7090 887
7091 887
7092 887
7093 887
7094 887
7095 887
7096 887
7097 887
7098 887
7099 887
7100 887
7101 888
7102 888
7103 888
7104 888
7105 888
7106 888
7107 888
7108 889
7109 889
7110 889
7111 889
7112 889
7113 889
7114 889
7115 889
7116 889
7117 889
7118 889
7119 889
7120 889
7121 889
7122 889
7123 889
7124 889
7125 889
7126 889
7127 889
7128 889
7129 889
7130 889
7131 889
7132 889
7133 889
7134 889
7135 889
7136 890
7137 890
7138 890
7139 890
7140 890
7141 890
7142 890
7143 890
7144 890
7145 890
7146 890
7147 890
7148 890
7149 890
7150 890
7151 890
7152 890
7153 890
7154 890
7155 890
7156 890
7157 890
7158 890
7159 890
7160 890
7161 890
7162 890
7163 890
7164 890
7165 890
7166 891
7167 891
7168 892
7169 893
7170 893
7171 894
7172 895
7173 895
7174 896
7175 896
7176 896
7177 896
7178 896
7179 896
7180 896
7181 896
7182 896
7183 896
7184 896
7185 896
7186 896
7187 896
7188 896
7189 896
7190 896
7191 896
7192 896
7193 896
7194 896
7195 897
7196 897
7197 897
7198 897
7199 897
7200 897
7201 897
7202 897
7203 897
7204 897
7205 897
7206 897
7207 897
7208 897
7209 897
7210 897
7211 897
7212 897
7213 897
7214 897
7215 897
7216 897
7217 897
7218 897
7219 897
7220 897
7221 897
7222 897
7223 897
7224 897
7225 897
7226 897
7227 897
7228 897
7229 897
7230 897
7231 897
7232 897
7233 897
7234 897
7235 897
7236 897
7237 897
7238 897
7239 897
7240 898
7241 899
7242 900
7243 901
7244 901
7245 902
7246 902
7247 902
7248 902
7249 903
7250 904
7251 905
7252 905
7253 905
7254 906
7255 906
7256 906
7257 906
7258 906
7259 906
7260 906
7261 907
7262 908
7263 908
7264 908
7265 908
7266 908
7267 908
7268 908
7269 908
7270 908
7271 908
7272 908
7273 908
7274 908
7275 908
7276 908
7277 908
7278 908
7279 908
7280 909
7281 909
7282 909
7283 909
7284 909
7285 909
7286 909
7287 909
7288 909
7289 909
7290 909
7291 909
7292 909
7293 909
7294 910
7295 910
7296 910
7297 910
7298 910
7299 910
7300 911
7301 911
7302 911
7303 911
7304 911
7305 911
7306 911
7307 911
7308 911
7309 911
7310 911
7311 911
7312 911
7313 911
7314 911
7315 911
7316 911
7317 911
7318 911
7319 911
7320 911
7321 911
7322 912
7323 912
7324 912
7325 912
7326 912
7327 912
7328 912
7329 912
7330 912
7331 912
7332 912
7333 913
7334 914
7335 914
7336 914
7337 914
7338 914
7339 914
7340 914
7341 914
7342 914
7343 914
7344 914
7345 914
7346 914
7347 914
7348 914
7349 914
7350 915
7351 916
7352 916
7353 916
7354 916
7355 916
7356 916
7357 917
7358 918
7359 918
7360 918
7361 918
7362 918
7363 918
7364 918
7365 918
7366 918
7367 918
7368 918
7369 918
7370 918
7371 918
7372 918
7373 919
7374 919
7375 919
7376 919
7377 920
7378 920
7379 920
7380 920
7381 920
7382 920
7383 920
7384 920
7385 920
7386 920
7387 920
7388 920
7389 920
7390 920
7391 920
7392 920
7393 920
7394 920
7395 920
7396 920
7397 920
7398 920
7399 920
7400 920
7401 921
7402 921
7403 921
7404 921
7405 921
7406 921
7407 922
7408 922
7409 922
7410 922
7411 923
7412 923
7413 923
7414 923
7415 923
7416 924
7417 924
7418 924
7419 924
7420 924
7421 924
7422 924
7423 924
7424 924
7425 924
7426 924
7427 924
7428 924
7429 924
7430 924
7431 924
7432 924
7433 924
7434 924
7435 924
7436 924
7437 924
7438 924
7439 924
7440 924
7441 924
7442 924
7443 924
7444 924
7445 924
7446 925
7447 926
7448 926
7449 926
7450 926
7451 926
7452 926
7453 926
7454 926
7455 926
7456 926
7457 926
7458 926
7459 926
7460 926
7461 926
7462 926
7463 926
7464 926
7465 926
7466 926
7467 926
7468 926
7469 926
7470 926
7471 927
7472 927
7473 927
7474 927
7475 927
7476 927
7477 927
7478 927
7479 927
7480 927
7481 927
7482 927
7483 927
7484 927
7485 927
7486 928
7487 929
7488 929
7489 929
7490 929
7491 930
7492 930
7493 930
7494 930
7495 930
7496 931
7497 931
7498 931
7499 931
7500 931
7501 931
7502 931
7503 931
7504 931
7505 931
7506 931
7507 932
7508 932
7509 932
7510 932
7511 932
7512 932
7513 932
7514 932
7515 932
7516 933
7517 933
7518 933
7519 933
7520 933
7521 933
7522 933
7523 933
7524 933
7525 933
7526 933
7527 933
7528 933
7529 933
7530 933
7531 933
7532 933
7533 933
7534 933
7535 933
7536 933
7537 933
7538 933
7539 933
7540 934
7541 934
7542 934
7543 934
7544 934
7545 934
7546 934
7547 935
7548 935
7549 935
7550 935
7551 935
7552 935
7553 935
7554 935
7555 935
7556 935
7557 935
7558 935
7559 936
7560 937
7561 937
7562 937
7563 937
7564 937
7565 937
7566 937
7567 937
7568 937
7569 937
7570 937
7571 937
7572 937
7573 937
7574 937
7575 937
7576 937
7577 937
7578 937
7579 938
7580 938
7581 938
7582 938
7583 938
7584 938
7585 938
7586 938
7587 938
7588 939
7589 939
7590 940
7591 940
7592 940
7593 940
7594 940
7595 941
7596 941
7597 941
7598 941
7599 942
7600 942
7601 942
7602 942
7603 942
7604 942
7605 942
7606 943
7607 943
7608 943
7609 943
7610 943
7611 943
7612 943
7613 944
7614 944
7615 944
7616 944
7617 944
7618 944
7619 944
7620 944
7621 944
7622 944
7623 944
7624 944
7625 944
7626 944
7627 944
7628 944
7629 944
7630 944
7631 944
7632 944
7633 944
7634 944
7635 944
7636 945
7637 945
7638 945
7639 946
7640 946
7641 946
7642 946
7643 946
7644 946
7645 946
7646 946
7647 947
7648 947
7649 947
7650 947
7651 947
7652 947
7653 947
7654 947
7655 947
7656 947
7657 947
7658 947
7659 947
7660 948
7661 948
7662 948
7663 949
7664 949
7665 949
7666 949
7667 949
7668 949
7669 949
7670 949
7671 949
7672 949
7673 949
7674 950
7675 950
7676 950
7677 951
7678 952
7679 952
7680 952
7681 952
7682 952
7683 952
7684 952
7685 952
7686 952
7687 953
7688 954
7689 954
7690 954
7691 954
7692 954
7693 954
7694 954
7695 954
7696 954
7697 954
7698 954
7699 954
7700 955
7701 956
7702 957
7703 957
7704 957
7705 957
7706 957
7707 957
7708 957
7709 957
7710 957
7711 958
7712 958
7713 958
7714 958
7715 958
7716 958
7717 958
7718 958
7719 958
7720 958
7721 958
7722 958
7723 958
7724 959
7725 959
7726 959
7727 959
7728 960
7729 960
7730 960
7731 960
7732 961
7733 962
7734 962
7735 962
7736 962
7737 962
7738 963
7739 963
7740 963
7741 963
7742 963
7743 963
7744 963
7745 963
7746 963
7747 963
7748 963
7749 963
7750 963
7751 963
7752 963
7753 963
7754 963
7755 964
7756 964
7757 964
7758 964
7759 964
7760 964
7761 964
7762 964
7763 964
7764 964
7765 964
7766 965
7767 965
7768 965
7769 965
7770 965
7771 965
7772 965
7773 966
7774 966
7775 966
7776 966
7777 966
7778 966
7779 966
7780 966
7781 966
7782 966
7783 966
7784 966
7785 966
7786 966
7787 966
7788 966
7789 966
7790 966
7791 966
7792 966
7793 966
7794 966
7795 966
7796 967
7797 968
7798 968
7799 968
7800 968
7801 968
7802 968
7803 969
7804 970
7805 970
7806 970
7807 970
7808 970
7809 971
7810 971
7811 971
7812 971
7813 972
7814 972
7815 972
7816 972
7817 972
7818 972
7819 972
7820 972
7821 972
7822 972
7823 972
7824 972
7825 972
7826 972
7827 972
7828 972
7829 972
7830 972
7831 972
7832 972
7833 972
7834 972
7835 972
7836 972
7837 972
7838 972
7839 972
7840 972
7841 972
7842 972
7843 972
7844 973
7845 973
7846 973
7847 974
7848 974
7849 974
7850 974
7851 974
7852 974
7853 974
7854 974
7855 974
7856 974
7857 974
7858 974
7859 974
7860 974
7861 974
7862 974
7863 974
7864 974
7865 974
7866 974
7867 974
7868 974
7869 974
7870 974
7871 974
7872 974
7873 974
7874 974
7875 974
7876 974
7877 974
7878 974
7879 974
7880 974
7881 974
7882 974
7883 974
7884 975
7885 975
7886 975
7887 976
7888 977
7889 977
7890 977
7891 977
7892 977
7893 977
7894 978
7895 978
7896 978
7897 979
7898 979
7899 980
7900 980
7901 980
7902 980
7903 980
7904 980
7905 980
7906 981
7907 981
7908 981
7909 981
7910 981
7911 981
7912 981
7913 981
7914 981
7915 982
7916 982
7917 982
7918 982
7919 982
7920 982
7921 982
7922 982
7923 982
7924 982
7925 982
7926 982
7927 982
7928 982
7929 982
7930 982
7931 982
7932 982
7933 982
7934 982
7935 982
7936 983
7937 983
7938 983
7939 983
7940 983
7941 983
7942 983
7943 983
7944 983
7945 983
7946 983
7947 983
7948 983
7949 984
7950 984
7951 984
7952 985
7953 985
7954 985
7955 985
7956 986
7957 986
7958 987
7959 987
7960 987
7961 987
7962 988
7963 988
7964 988
7965 988
7966 988
7967 988
7968 988
7969 989
7970 989
7971 989
7972 990
7973 990
7974 990
7975 990
7976 990
7977 990
7978 990
7979 991
7980 991
7981 991
7982 992
7983 992
7984 992
7985 992
7986 992
7987 992
7988 992
7989 992
7990 992
7991 992
7992 993
7993 993
7994 993
7995 994
7996 994
7997 994
7998 994
7999 994
8000 994
8001 994
8002 994
8003 994
8004 995
8005 995
8006 995
8007 995
8008 995
8009 995
8010 995
8011 995
8012 995
8013 996
8014 996
8015 996
8016 996
8017 996
8018 996
8019 996
8020 996
8021 996
8022 996
8023 996
8024 996
8025 996
8026 996
8027 996
8028 996
8029 996
8030 996
8031 996
8032 996
8033 996
8034 996
8035 996
8036 996
8037 996
8038 996
8039 997
8040 997
8041 997
8042 997
8043 997
8044 997
8045 997
8046 997
8047 997
8048 998
8049 998
8050 998
8051 999
8052 999
8053 999
8054 999
8055 999
8056 999
8057 999
8058 999
8059 999
8060 1000
8061 1001
8062 1001
8063 1001
8064 1001
8065 1001
8066 1001
8067 1001
8068 1001
8069 1001
8070 1001
8071 1001
8072 1001
8073 1001
8074 1001
8075 1001
8076 1001
8077 1001
8078 1001
8079 1001
8080 1001
8081 1001
8082 1001
8083 1001
8084 1001
8085 1002
8086 1002
8087 1002
8088 1003
8089 1003
8090 1003
8091 1003
8092 1003
8093 1003
8094 1003
8095 1003
8096 1003
8097 1003
8098 1003
8099 1003
8100 1003
8101 1003
8102 1003
8103 1003
8104 1003
8105 1003
8106 1003
8107 1003
8108 1003
8109 1004
8110 1004
8111 1004
8112 1004
8113 1004
8114 1004
8115 1004
8116 1004
8117 1004
8118 1004
8119 1004
8120 1004
8121 1004
8122 1004
8123 1004
8124 1004
8125 1004
8126 1004
8127 1004
8128 1004
8129 1004
8130 1004
8131 1004
8132 1004
8133 1004
8134 1004
8135 1005
8136 1005
8137 1005
8138 1005
8139 1005
8140 1005
8141 1005
8142 1005
8143 1005
8144 1006
8145 1006
8146 1006
8147 1006
8148 1006
8149 1006
8150 1007
8151 1007
8152 1007
8153 1007
8154 1007
8155 1007
8156 1007
8157 1007
8158 1007
8159 1007
8160 1007
8161 1007
8162 1007
8163 1008
8164 1008
8165 1008
8166 1008
8167 1008
8168 1009
8169 1009
8170 1009
8171 1009
8172 1009
8173 1009
8174 1009
8175 1009
8176 1009
8177 1009
8178 1009
8179 1009
8180 1009
8181 1009
8182 1010
8183 1010
8184 1011
8185 1011
8186 1011
8187 1011
8188 1011
8189 1011
8190 1011
8191 1011
8192 1011
8193 1011
8194 1011
8195 1011
8196 1011
8197 1011
8198 1011
8199 1011
8200 1012
8201 1012
8202 1013
8203 1013
8204 1013
8205 1013
8206 1013
8207 1013
8208 1013
8209 1013
8210 1013
8211 1013
8212 1013
8213 1013
8214 1013
8215 1013
8216 1013
8217 1013
8218 1013
8219 1013
8220 1013
8221 1013
8222 1013
8223 1013
8224 1013
8225 1014
8226 1014
8227 1015
8228 1015
8229 1015
8230 1015
8231 1015
8232 1015
8233 1015
8234 1015
8235 1016
8236 1017
8237 1017
8238 1017
8239 1017
8240 1017
8241 1017
8242 1018
8243 1018
8244 1018
8245 1018
8246 1018
8247 1018
8248 1018
8249 1018
8250 1019
8251 1019
8252 1019
8253 1019
8254 1019
8255 1019
8256 1019
8257 1019
8258 1019
8259 1019
8260 1019
8261 1019
8262 1019
8263 1019
8264 1020
8265 1020
8266 1020
8267 1020
8268 1021
8269 1021
8270 1021
8271 1021
8272 1021
8273 1021
8274 1021
8275 1021
8276 1021
8277 1021
8278 1021
8279 1022
8280 1022
8281 1023
8282 1023
8283 1024
8284 1024
8285 1024
8286 1024
8287 1024
8288 1024
8289 1024
8290 1024
8291 1024
8292 1025
8293 1025
8294 1025
8295 1025
8296 1025
8297 1025
8298 1025
8299 1025
8300 1026
8301 1026
8302 1026
8303 1026
8304 1026
8305 1026
8306 1026
8307 1026
8308 1027
8309 1027
8310 1027
8311 1027
8312 1027
8313 1027
8314 1027
8315 1027
8316 1027
8317 1027
8318 1027
8319 1027
8320 1027
8321 1027
8322 1028
8323 1028
8324 1028
8325 1029
8326 1030
8327 1030
8328 1030
8329 1030
8330 1030
8331 1030
8332 1030
8333 1030
8334 1030
8335 1030
8336 1030
8337 1030
8338 1030
8339 1030
8340 1030
8341 1030
8342 1030
8343 1030
8344 1030
8345 1030
8346 1030
8347 1030
8348 1030
8349 1030
8350 1030
8351 1031
8352 1031
8353 1031
8354 1031
8355 1031
8356 1031
8357 1031
8358 1031
8359 1031
8360 1031
8361 1032
8362 1032
8363 1032
8364 1032
8365 1032
8366 1032
8367 1033
8368 1033
8369 1034
8370 1034
8371 1034
8372 1035
8373 1035
8374 1036
8375 1036
8376 1036
8377 1036
8378 1036
8379 1036
8380 1036
8381 1036
8382 1036
8383 1036
8384 1036
8385 1036
8386 1036
8387 1036
8388 1036
8389 1037
8390 1037
8391 1037
8392 1037
8393 1037
8394 1037
8395 1037
8396 1037
8397 1037
8398 1037
8399 1037
8400 1038
8401 1038
8402 1038
8403 1038
8404 1038
8405 1038
8406 1038
8407 1038
8408 1039
8409 1040
8410 1040
8411 1040
8412 1040
8413 1040
8414 1040
8415 1040
8416 1040
8417 1040
8418 1040
8419 1040
8420 1040
8421 1040
8422 1040
8423 1040
8424 1040
8425 1040
8426 1040
8427 1040
8428 1040
8429 1040
8430 1040
8431 1040
8432 1040
8433 1040
8434 1040
8435 1040
8436 1040
8437 1040
8438 1040
8439 1040
8440 1040
8441 1040
8442 1040
8443 1040
8444 1040
8445 1040
8446 1040
8447 1040
8448 1040
8449 1040
8450 1040
8451 1040
8452 1040
8453 1040
8454 1040
8455 1041
8456 1041
8457 1041
8458 1041
8459 1041
8460 1041
8461 1041
8462 1041
8463 1041
8464 1041
8465 1041
8466 1041
8467 1042
8468 1042
8469 1042
8470 1042
8471 1043
8472 1044
8473 1044
8474 1044
8475 1044
8476 1045
8477 1045
8478 1045
8479 1045
8480 1045
8481 1046
8482 1046
8483 1047
8484 1047
8485 1047
8486 1048
8487 1048
8488 1048
8489 1048
8490 1048
8491 1048
8492 1048
8493 1048
8494 1048
8495 1048
8496 1048
8497 1048
8498 1048
8499 1048
8500 1048
8501 1048
8502 1048
8503 1048
8504 1049
8505 1050
8506 1050
8507 1050
8508 1050
8509 1050
8510 1050
8511 1050
8512 1050
8513 1051
8514 1051
8515 1051
8516 1051
8517 1051
8518 1051
8519 1052
8520 1052
8521 1052
8522 1053
8523 1053
8524 1053
8525 1053
8526 1053
8527 1053
8528 1053
8529 1053
8530 1053
8531 1053
8532 1053
8533 1053
8534 1053
8535 1053
8536 1053
8537 1053
8538 1053
8539 1053
8540 1053
8541 1053
8542 1053
8543 1053
8544 1053
8545 1053
8546 1053
8547 1053
8548 1053
8549 1054
8550 1054
8551 1054
8552 1054
8553 1054
8554 1054
8555 1054
8556 1054
8557 1054
8558 1054
8559 1055
8560 1055
8561 1055
8562 1056
8563 1056
8564 1057
8565 1057
8566 1057
8567 1057
8568 1057
8569 1057
8570 1057
8571 1057
8572 1057
8573 1057
8574 1057
8575 1058
8576 1059
8577 1059
8578 1059
8579 1059
8580 1059
8581 1059
8582 1059
8583 1059
8584 1059
8585 1060
8586 1060
8587 1060
8588 1060
8589 1060
8590 1060
8591 1060
8592 1060
8593 1060
8594 1060
8595 1060
8596 1060
8597 1061
8598 1062
8599 1062
8600 1062
8601 1062
8602 1062
8603 1062
8604 1062
8605 1062
8606 1062
8607 1062
8608 1062
8609 1062
8610 1062
8611 1062
8612 1062
8613 1063
8614 1063
8615 1063
8616 1063
8617 1063
8618 1063
8619 1063
8620 1063
8621 1063
8622 1063
8623 1063
8624 1063
8625 1063
8626 1063
8627 1063
8628 1063
8629 1063
8630 1063
8631 1063
8632 1063
8633 1063
8634 1064
8635 1064
8636 1064
8637 1064
8638 1064
8639 1065
8640 1065
8641 1065
8642 1065
8643 1065
8644 1065
8645 1065
8646 1065
8647 1065
8648 1065
8649 1066
8650 1066
8651 1066
8652 1066
8653 1067
8654 1067
8655 1067
8656 1067
8657 1067
8658 1067
8659 1067
8660 1067
8661 1067
8662 1067
8663 1067
8664 1067
8665 1067
8666 1067
8667 1067
8668 1067
8669 1067
8670 1067
8671 1067
8672 1067
8673 1067
8674 1068
8675 1068
8676 1068
8677 1069
8678 1069
8679 1069
8680 1070
8681 1070
8682 1071
8683 1071
8684 1071
8685 1071
8686 1071
8687 1072
8688 1072
8689 1072
8690 1072
8691 1072
8692 1072
8693 1072
8694 1073
8695 1073
8696 1073
8697 1073
8698 1074
8699 1074
8700 1074
8701 1074
8702 1074
8703 1074
8704 1075
8705 1075
8706 1075
8707 1075
8708 1075
8709 1075
8710 1075
8711 1075
8712 1075
8713 1076
8714 1076
8715 1076
8716 1076
8717 1076
8718 1076
8719 1076
8720 1076
8721 1076
8722 1077
8723 1078
8724 1079
8725 1079
8726 1079
8727 1079
8728 1079
8729 1079
8730 1079
8731 1079
8732 1079
8733 1080
8734 1080
8735 1080
8736 1080
8737 1080
8738 1080
8739 1081
8740 1081
8741 1081
8742 1081
8743 1081
8744 1081
8745 1081
8746 1081
8747 1081
8748 1082
8749 1082
8750 1082
8751 1082
8752 1082
8753 1082
8754 1082
8755 1082
8756 1082
8757 1082
8758 1083
8759 1083
8760 1084
8761 1084
8762 1084
8763 1085
8764 1085
8765 1085
8766 1085
8767 1086
8768 1086
8769 1086
8770 1086
8771 1087
8772 1087
8773 1088
8774 1088
8775 1088
8776 1088
8777 1088
8778 1088
8779 1088
8780 1088
8781 1088
8782 1089
8783 1089
8784 1089
8785 1089
8786 1089
8787 1089
8788 1090
8789 1090
8790 1090
8791 1091
8792 1091
8793 1091
8794 1091
8795 1091
8796 1091
8797 1091
8798 1091
8799 1091
8800 1091
8801 1091
8802 1091
8803 1091
8804 1092
8805 1092
8806 1092
8807 1092
8808 1092
8809 1093
8810 1093
8811 1093
8812 1093
8813 1093
8814 1093
8815 1093
8816 1093
8817 1093
8818 1093
8819 1093
8820 1093
8821 1093
8822 1093
8823 1093
8824 1094
8825 1094
8826 1094
8827 1095
8828 1095
8829 1095
8830 1095
8831 1096
8832 1096
8833 1096
8834 1096
8835 1096
8836 1096
8837 1096
8838 1096
8839 1096
8840 1096
8841 1096
8842 1096
8843 1096
8844 1096
8845 1096
8846 1096
8847 1096
8848 1096
8849 1096
8850 1096
8851 1096
8852 1096
8853 1096
8854 1096
8855 1096
8856 1096
8857 1096
8858 1096
8859 1096
8860 1096
8861 1096
8862 1096
8863 1097
8864 1097
8865 1098
8866 1098
8867 1098
8868 1098
8869 1098
8870 1099
8871 1099
8872 1099
8873 1099
8874 1099
8875 1100
8876 1100
8877 1101
8878 1101
8879 1101
8880 1101
8881 1101
8882 1101
8883 1101
8884 1101
8885 1101
8886 1101
8887 1102
8888 1103
8889 1103
8890 1103
8891 1103
8892 1103
8893 1103
8894 1103
8895 1103
8896 1103
8897 1103
8898 1103
8899 1103
8900 1103
8901 1104
8902 1105
8903 1105
8904 1105
8905 1105
8906 1105
8907 1105
8908 1105
8909 1105
8910 1105
8911 1105
8912 1105
8913 1105
8914 1105
8915 1105
8916 1105
8917 1105
8918 1105
8919 1105
8920 1105
8921 1106
8922 1106
8923 1106
8924 1106
8925 1106
8926 1106
8927 1107
8928 1107
8929 1107
8930 1107
8931 1107
8932 1107
8933 1107
8934 1107
8935 1107
8936 1107
8937 1107
8938 1107
8939 1107
8940 1107
8941 1107
8942 1107
8943 1107
8944 1107
8945 1108
8946 1108
8947 1108
8948 1108
8949 1108
8950 1108
8951 1108
8952 1108
8953 1108
8954 1109
8955 1109
8956 1109
8957 1109
8958 1109
8959 1110
8960 1110
8961 1110
8962 1110
8963 1111
8964 1111
8965 1111
8966 1111
8967 1111
8968 1111
8969 1111
8970 1111
8971 1111
8972 1111
8973 1111
8974 1111
8975 1111
8976 1111
8977 1112
8978 1112
8979 1112
8980 1112
8981 1112
8982 1112
8983 1112
8984 1112
8985 1112
8986 1112
8987 1112
8988 1112
8989 1112
8990 1112
8991 1112
8992 1112
8993 1112
8994 1112
8995 1112
8996 1112
8997 1112
8998 1112
8999 1112
9000 1112
9001 1113
9002 1113
9003 1113
9004 1114
9005 1114
9006 1114
9007 1114
9008 1115
9009 1115
9010 1115
9011 1115
9012 1115
9013 1116
9014 1116
9015 1116
9016 1117
9017 1117
9018 1117
9019 1117
9020 1117
9021 1118
9022 1118
9023 1118
9024 1118
9025 1118
9026 1118
9027 1118
9028 1118
9029 1118
9030 1118
9031 1118
9032 1119
9033 1119
9034 1119
9035 1119
9036 1119
9037 1119
9038 1119
9039 1120
9040 1120
9041 1120
9042 1120
9043 1120
9044 1120
9045 1121
9046 1121
9047 1121
9048 1121
9049 1121
9050 1122
9051 1122
9052 1122
9053 1122
9054 1122
9055 1122
9056 1122
9057 1122
9058 1122
9059 1122
9060 1123
9061 1123
9062 1123
9063 1123
9064 1123
9065 1123
9066 1123
9067 1123
9068 1123
9069 1123
9070 1123
9071 1124
9072 1124
9073 1124
9074 1124
9075 1124
9076 1124
9077 1124
9078 1124
9079 1124
9080 1124
9081 1124
9082 1124
9083 1124
9084 1124
9085 1124
9086 1124
9087 1124
9088 1124
9089 1124
9090 1124
9091 1124
9092 1125
9093 1125
9094 1125
9095 1125
9096 1125
9097 1125
9098 1126
9099 1126
9100 1126
9101 1127
9102 1127
9103 1127
9104 1127
9105 1127
9106 1127
9107 1127
9108 1127
9109 1127
9110 1127
9111 1127
9112 1127
9113 1128
9114 1128
9115 1128
9116 1128
9117 1128
9118 1128
9119 1128
9120 1128
9121 1129
9122 1130
9123 1130
9124 1131
9125 1131
9126 1131
9127 1131
9128 1131
9129 1131
9130 1131
9131 1131
9132 1131
9133 1131
9134 1131
9135 1131
9136 1131
9137 1131
9138 1131
9139 1131
9140 1131
9141 1131
9142 1131
9143 1131
9144 1131
9145 1131
9146 1131
9147 1131
9148 1132
9149 1132
9150 1132
9151 1132
9152 1132
9153 1132
9154 1132
9155 1132
9156 1132
9157 1132
9158 1133
9159 1133
9160 1133
9161 1133
9162 1134
9163 1134
9164 1135
9165 1135
9166 1135
9167 1135
9168 1135
9169 1135
9170 1135
9171 1135
9172 1135
9173 1135
9174 1135
9175 1135
9176 1135
9177 1135
9178 1135
9179 1135
9180 1135
9181 1135
9182 1135
9183 1135
9184 1136
9185 1136
9186 1136
9187 1136
9188 1136
9189 1136
9190 1137
9191 1137
9192 1137
9193 1138
9194 1138
9195 1139
9196 1139
9197 1139
9198 1139
9199 1139
9200 1140
9201 1140
9202 1140
9203 1141
9204 1141
9205 1141
9206 1141
9207 1141
9208 1141
9209 1141
9210 1141
9211 1141
9212 1141
9213 1141
9214 1141
9215 1141
9216 1141
9217 1141
9218 1141
9219 1142
9220 1142
9221 1142
9222 1142
9223 1142
9224 1142
9225 1142
9226 1142
9227 1142
9228 1142
9229 1142
9230 1142
9231 1142
9232 1142
9233 1143
9234 1143
9235 1143
9236 1143
9237 1143
9238 1143
9239 1143
9240 1143
9241 1143
9242 1143
9243 1143
9244 1143
9245 1143
9246 1143
9247 1143
9248 1143
9249 1143
9250 1143
9251 1144
9252 1144
9253 1144
9254 1144
9255 1144
9256 1144
9257 1144
9258 1144
9259 1144
9260 1144
9261 1145
9262 1145
9263 1146
9264 1146
9265 1146
9266 1146
9267 1146
9268 1146
9269 1146
9270 1146
9271 1146
9272 1146
9273 1146
9274 1146
9275 1146
9276 1146
9277 1146
9278 1146
9279 1146
9280 1146
9281 1147
9282 1147
9283 1147
9284 1147
9285 1147
9286 1147
9287 1147
9288 1147
9289 1147
9290 1147
9291 1147
9292 1147
9293 1147
9294 1147
9295 1148
9296 1148
9297 1148
9298 1149
9299 1149
9300 1149
9301 1149
9302 1149
9303 1150
9304 1150
9305 1150
9306 1150
9307 1150
9308 1150
9309 1150
9310 1150
9311 1150
9312 1150
9313 1150
9314 1150
9315 1150
9316 1150
9317 1150
9318 1150
9319 1150
9320 1150
9321 1150
9322 1150
9323 1150
9324 1150
9325 1151
9326 1151
9327 1152
9328 1152
9329 1152
9330 1152
9331 1152
9332 1152
9333 1152
9334 1152
9335 1152
9336 1152
9337 1152
9338 1152
9339 1152
9340 1152
9341 1152
9342 1152
9343 1152
9344 1152
9345 1152
9346 1153
9347 1153
9348 1154
9349 1154
9350 1154
9351 1155
9352 1155
9353 1155
9354 1155
9355 1155
9356 1155
9357 1155
9358 1155
9359 1155
9360 1155
9361 1155
9362 1155
9363 1156
9364 1156
9365 1156
9366 1156
9367 1156
9368 1156
9369 1156
9370 1156
9371 1156
9372 1156
9373 1156
9374 1156
9375 1156
9376 1157
9377 1157
9378 1157
9379 1157
9380 1157
9381 1157
9382 1157
9383 1157
9384 1157
9385 1157
9386 1157
9387 1157
9388 1157
9389 1157
9390 1158
9391 1159
9392 1159
9393 1159
9394 1159
9395 1159
9396 1159
9397 1160
9398 1160
9399 1160
9400 1160
9401 1160
9402 1160
9403 1160
9404 1160
9405 1160
9406 1160
9407 1160
9408 1160
9409 1160
9410 1160
9411 1160
9412 1160
9413 1160
9414 1160
9415 1160
9416 1160
9417 1160
9418 1160
9419 1160
9420 1160
9421 1160
9422 1160
9423 1161
9424 1161
9425 1161
9426 1161
9427 1162
9428 1162
9429 1162
9430 1162
9431 1162
9432 1162
9433 1163
9434 1163
9435 1163
9436 1163
9437 1163
9438 1163
9439 1164
9440 1164
9441 1164
9442 1164
9443 1164
9444 1164
9445 1164
9446 1164
9447 1164
9448 1164
9449 1164
9450 1164
9451 1164
9452 1164
9453 1165
9454 1165
9455 1166
9456 1166
9457 1166
9458 1166
9459 1166
9460 1166
9461 1166
9462 1166
9463 1166
9464 1166
9465 1166
9466 1166
9467 1166
9468 1167
9469 1167
9470 1167
9471 1167
9472 1167
9473 1167
9474 1167
9475 1168
9476 1168
9477 1169
9478 1169
9479 1169
9480 1169
9481 1169
9482 1169
9483 1169
9484 1170
9485 1170
9486 1170
9487 1170
9488 1170
9489 1170
9490 1170
9491 1170
9492 1170
9493 1170
9494 1170
9495 1170
9496 1170
9497 1170
9498 1170
9499 1170
9500 1170
9501 1171
9502 1171
9503 1171
9504 1171
9505 1171
9506 1171
9507 1171
9508 1171
9509 1171
9510 1171
9511 1171
9512 1172
9513 1172
9514 1172
9515 1172
9516 1173
9517 1173
9518 1173
9519 1173
9520 1173
9521 1173
9522 1173
9523 1173
9524 1173
9525 1174
9526 1175
9527 1175
9528 1175
9529 1175
9530 1175
9531 1175
9532 1175
9533 1175
9534 1175
9535 1175
9536 1175
9537 1176
9538 1176
9539 1176
9540 1176
9541 1176
9542 1176
9543 1176
9544 1176
9545 1176
9546 1176
9547 1176
9548 1176
9549 1176
9550 1176
9551 1176
9552 1176
9553 1177
9554 1177
9555 1178
9556 1179
9557 1179
9558 1179
9559 1179
9560 1179
9561 1179
9562 1179
9563 1179
9564 1179
9565 1179
9566 1179
9567 1179
9568 1179
9569 1179
9570 1179
9571 1179
9572 1179
9573 1179
9574 1180
9575 1180
9576 1180
9577 1180
9578 1180
9579 1180
9580 1180
9581 1181
9582 1181
9583 1181
9584 1182
9585 1182
9586 1182
9587 1182
9588 1182
9589 1182
9590 1182
9591 1182
9592 1182
9593 1182
9594 1183
9595 1183
9596 1183
9597 1184
9598 1184
9599 1184
9600 1184
9601 1184
9602 1185
9603 1185
9604 1185
9605 1185
9606 1185
9607 1185
9608 1185
9609 1185
9610 1185
9611 1185
9612 1185
9613 1185
9614 1185
9615 1186
9616 1186
9617 1186
9618 1186
9619 1186
9620 1186
9621 1186
9622 1186
9623 1186
9624 1186
9625 1186
9626 1186
9627 1186
9628 1186
9629 1186
9630 1186
9631 1186
9632 1186
9633 1186
9634 1186
9635 1186
9636 1186
9637 1186
9638 1186
9639 1186
9640 1186
9641 1186
9642 1186
9643 1186
9644 1186
9645 1187
9646 1188
9647 1188
9648 1188
9649 1188
9650 1188
9651 1188
9652 1188
9653 1188
9654 1188
9655 1188
9656 1188
9657 1189
9658 1189
9659 1189
9660 1190
9661 1190
9662 1191
9663 1191
9664 1191
9665 1191
9666 1191
9667 1191
9668 1191
9669 1192
9670 1192
9671 1192
9672 1192
9673 1192
9674 1192
9675 1192
9676 1192
9677 1192
9678 1192
9679 1192
9680 1192
9681 1192
9682 1192
9683 1192
9684 1192
9685 1193
9686 1193
9687 1193
9688 1193
9689 1193
9690 1193
9691 1193
9692 1193
9693 1194
9694 1195
9695 1195
9696 1195
9697 1195
9698 1195
9699 1195
9700 1195
9701 1195
9702 1196
9703 1196
9704 1196
9705 1196
9706 1196
9707 1196
9708 1196
9709 1196
9710 1196
9711 1196
9712 1196
9713 1196
9714 1196
9715 1196
9716 1196
9717 1196
9718 1197
9719 1197
9720 1197
9721 1197
9722 1197
9723 1197
9724 1197
9725 1197
9726 1197
9727 1197
9728 1198
9729 1198
9730 1198
9731 1198
9732 1198
9733 1198
9734 1199
9735 1199
9736 1199
9737 1200
9738 1200
9739 1201
9740 1202
9741 1202
9742 1202
9743 1203
9744 1203
9745 1203
9746 1203
9747 1203
9748 1203
9749 1203
9750 1203
9751 1203
9752 1203
9753 1203
9754 1203
9755 1203
9756 1203
9757 1203
9758 1203
9759 1203
9760 1203
9761 1203
9762 1203
9763 1203
9764 1203
9765 1203
9766 1203
9767 1203
9768 1203
9769 1203
9770 1203
9771 1203
9772 1203
9773 1203
9774 1204
9775 1204
9776 1205
9777 1205
9778 1205
9779 1205
9780 1205
9781 1205
9782 1205
9783 1205
9784 1205
9785 1205
9786 1205
9787 1205
9788 1205
9789 1206
9790 1207
9791 1207
9792 1208
9793 1208
9794 1208
9795 1208
9796 1208
9797 1208
9798 1208
9799 1208
9800 1208
9801 1208
9802 1209
9803 1209
9804 1209
9805 1209
9806 1209
9807 1209
9808 1209
9809 1209
9810 1209
9811 1209
9812 1209
9813 1209
9814 1209
9815 1210
9816 1210
9817 1210
9818 1210
9819 1210
9820 1210
9821 1210
9822 1210
9823 1211
9824 1211
9825 1211
9826 1212
9827 1212
9828 1213
9829 1213
9830 1213
9831 1213
9832 1214
9833 1214
9834 1214
9835 1214
9836 1214
9837 1214
9838 1214
9839 1214
9840 1214
9841 1214
9842 1214
9843 1214
9844 1214
9845 1215
9846 1215
9847 1215
9848 1215
9849 1215
9850 1215
9851 1215
9852 1215
9853 1215
9854 1215
9855 1215
9856 1215
9857 1215
9858 1215
9859 1215
9860 1216
9861 1216
9862 1217
9863 1217
9864 1217
9865 1217
9866 1217
9867 1217
9868 1218
9869 1219
9870 1220
9871 1221
9872 1221
9873 1221
9874 1222
9875 1222
9876 1222
9877 1222
9878 1222
9879 1222
9880 1222
9881 1222
9882 1222
9883 1222
9884 1222
9885 1222
9886 1222
9887 1222
9888 1222
9889 1222
9890 1222
9891 1222
9892 1222
9893 1222
9894 1222
9895 1222
9896 1222
9897 1222
9898 1222
9899 1222
9900 1222
9901 1222
9902 1222
9903 1222
9904 1222
9905 1222
9906 1222
9907 1222
9908 1223
9909 1223
9910 1223
9911 1223
9912 1223
9913 1223
9914 1223
9915 1224
9916 1225
9917 1225
9918 1225
9919 1225
9920 1226
9921 1226
9922 1226
9923 1226
9924 1226
9925 1226
9926 1226
9927 1226
9928 1227
9929 1227
9930 1227
9931 1227
9932 1227
9933 1227
9934 1227
9935 1227
9936 1227
9937 1228
9938 1228
9939 1228
9940 1228
9941 1228
9942 1228
9943 1228
9944 1228
9945 1228
9946 1228
9947 1228
9948 1228
9949 1228
9950 1228
9951 1228
9952 1228
9953 1228
9954 1228
9955 1228
9956 1229
9957 1229
9958 1229
9959 1229
9960 1229
9961 1229
9962 1229
9963 1229
9964 1229
9965 1230
9966 1230
9967 1230
9968 1230
9969 1230
9970 1230
9971 1230
9972 1230
9973 1230
9974 1230
9975 1230
9976 1230
9977 1230
9978 1230
9979 1230
9980 1230
9981 1231
9982 1231
9983 1231
9984 1232
9985 1232
9986 1232
9987 1232
9988 1233
9989 1233
9990 1233
9991 1233
9992 1233
9993 1233
9994 1233
9995 1233
9996 1233
9997 1233
9998 1233
9999 1233
10000 1233
