1 1
2 1
3 1
4 1
5 1
6 1
7 1
8 1
9 1
10 1
11 1
12 1
13 1
14 1
15 1
16 1
17 1
18 1
19 1
20 1
21 1
22 1
23 1
24 1
25 1
26 1
27 1
28 1
29 1
30 2
31 2
32 2
33 2
34 2
35 2
36 2
37 2
38 2
39 2
40 3
41 3
42 4
43 5
44 5
45 5
46 5
47 5
48 5
49 5
50 5
51 5
52 5
53 6
54 7
55 8
56 8
57 8
58 8
59 8
60 8
61 9
62 9
63 9
64 9
65 9
66 9
67 9
68 10
69 10
70 10
71 10
72 10
73 10
74 10
75 10
76 10
77 10
78 10
79 10
80 10
81 10
82 10
83 10
84 10
85 10
86 10
87 10
88 10
89 11
90 12
91 12
92 13
93 13
94 13
95 13
96 13
97 13
98 13
99 13
100 13
101 13
102 13
103 14
104 14
105 14
106 14
107 14
108 14
109 14
110 14
111 14
112 14
113 14
114 14
115 14
116 14
117 15
118 15
119 15
120 16
121 17
122 17
123 17
124 17
125 17
126 17
127 17
128 17
129 17
130 17
131 17
132 18
133 18
134 18
135 19
136 19
137 19
138 19
139 19
140 19
141 19
142 20
143 20
144 20
145 20
146 20
147 20
148 20
149 20
150 20
151 20
152 21
153 21
154 21
155 22
156 22
157 23
158 23
159 23
160 23
161 23
162 23
163 23
164 23
165 23
166 24
167 24
168 24
169 24
170 24
171 24
172 25
173 25
174 25
175 25
176 25
177 25
178 25
179 25
180 25
181 25
182 25
183 26
184 26
185 26
186 26
187 26
188 26
189 26
190 26
191 26
192 26
193 26
194 26
195 26
196 26
197 26
198 26
199 26
200 26
201 26
202 26
203 26
204 26
205 26
206 26
207 26
208 27
209 27
210 28
211 28
212 29
213 30
214 30
215 30
216 30
217 30
218 30
219 30
220 30
221 31
222 31
223 31
224 31
225 31
226 31
227 31
228 31
229 31
230 31
231 31
232 31
233 31
234 31
235 32
236 32
237 33
238 33
239 33
240 33
241 33
242 33
243 33
244 33
245 33
246 33
247 33
248 33
249 33
250 33
251 34
252 34
253 34
254 34
255 34
256 34
257 34
258 34
259 34
260 35
261 35
262 35
263 35
264 35
265 35
266 36
267 36
268 36
269 36
270 36
271 36
272 36
273 36
274 36
275 36
276 36
277 36
278 36
279 36
280 36
281 36
282 36
283 36
284 37
285 37
286 38
287 38
288 38
289 38
290 38
291 38
292 38
293 38
294 38
295 38
296 39
297 39
298 39
299 40
300 40
301 40
302 40
303 40
304 40
305 40
306 41
307 41
308 41
309 42
310 42
311 42
312 42
313 42
314 42
315 42
316 42
317 42
318 42
319 42
320 42
321 42
322 42
323 42
324 42
325 42
326 42
327 43
328 43
329 43
330 43
331 43
332 43
333 43
334 43
335 43
336 43
337 43
338 43
339 43
340 43
341 43
342 43
343 43
344 43
345 43
346 43
347 43
348 44
349 44
350 44
351 44
352 44
353 44
354 44
355 44
356 44
357 44
358 44
359 44
360 44
361 44
362 44
363 44
364 44
365 44
366 44
367 44
368 44
369 44
370 44
371 44
372 45
373 46
374 46
375 46
376 46
377 46
378 46
379 46
380 46
381 46
382 46
383 46
384 46
385 46
386 46
387 46
388 46
389 47
390 47
391 47
392 47
393 47
394 47
395 48
396 48
397 48
398 48
399 49
400 49
401 49
402 49
403 49
404 49
405 49
406 49
407 49
408 49
409 49
410 49
411 50
412 50
413 50
414 50
415 50
416 50
417 50
418 50
419 50
420 51
421 52
422 52
423 52
424 53
425 53
426 53
427 53
428 53
429 53
430 53
431 53
432 54
433 54
434 54
435 54
436 55
437 55
438 55
439 55
440 56
441 56
442 56
443 57
444 57
445 57
446 57
447 57
448 57
449 57
450 57
451 57
452 57
453 58
454 58
455 58
456 58
457 58
458 58
459 59
460 59
461 59
462 59
463 59
464 59
465 59
466 59
467 59
468 59
469 59
470 59
471 59
472 59
473 59
474 59
475 59
476 59
477 59
478 59
479 59
480 59
481 59
482 60
483 60
484 60
485 60
486 60
487 60
488 60
489 60
490 60
491 60
492 60
493 60
494 60
495 60
496 60
497 60
498 60
499 60
500 60
501 60
502 60
503 60
504 60
505 61
506 61
507 61
508 61
509 61
510 62
511 62
512 62
513 62
514 62
515 62
516 62
517 62
518 63
519 63
520 64
521 64
522 64
523 64
524 64
525 64
526 64
527 64
528 65
529 65
530 65
531 65
532 65
533 65
534 65
535 65
536 66
537 66
538 66
539 66
540 66
541 67
542 67
543 68
544 69
545 70
546 71
547 71
548 71
549 71
550 71
551 71
552 71
553 72
554 72
555 72
556 72
557 72
558 72
559 72
560 73
561 73
562 73
563 73
564 73
565 74
566 74
567 74
568 74
569 75
570 75
571 75
572 75
573 75
574 75
575 75
576 75
577 75
578 75
579 75
580 75
581 76
582 76
583 76
584 76
585 76
586 76
587 76
588 76
589 76
590 77
591 78
592 78
593 78
594 78
595 79
596 79
597 79
598 80
599 80
600 80
601 80
602 81
603 81
604 82
605 83
606 83
607 83
608 83
609 83
610 83
611 83
612 83
613 84
614 84
615 84
616 84
617 84
618 84
619 84
620 84
621 84
622 84
623 84
624 84
625 85
626 85
627 85
628 85
629 85
630 86
631 87
632 87
633 88
634 88
635 88
636 89
637 90
638 90
639 91
640 91
641 91
642 91
643 91
644 91
645 91
646 91
647 91
648 91
649 91
650 92
651 93
652 93
653 93
654 93
655 93
656 93
657 93
658 93
659 94
660 94
661 94
662 94
663 95
664 96
665 96
666 96
667 96
668 96
669 96
670 96
671 97
672 97
673 98
674 98
675 98
676 99
677 100
678 100
679 100
680 100
681 100
682 100
683 100
684 100
685 100
686 100
687 100
688 100
689 100
690 101
691 101
692 102
693 103
694 104
695 104
696 104
697 104
698 104
699 104
700 104
701 105
702 105
703 105
704 105
705 105
706 106
707 106
708 106
709 107
710 107
711 107
712 107
713 107
714 107
715 107
716 107
717 107
718 107
719 108
720 108
721 108
722 108
723 108
724 108
725 108
726 109
727 109
728 109
729 109
730 109
731 109
732 109
733 110
734 111
735 111
736 112
737 112
738 112
739 112
740 112
741 112
742 112
743 112
744 112
745 112
746 112
747 112
748 112
749 112
750 113
751 113
752 113
753 113
754 113
755 113
756 114
757 115
758 115
759 116
760 116
761 116
762 116
763 116
764 116
765 116
766 116
767 117
768 117
769 117
770 117
771 117
772 117
773 117
774 117
775 117
776 117
777 117
778 117
779 117
780 117
781 117
782 117
783 117
784 118
785 118
786 119
787 119
788 119
789 119
790 119
791 119
792 119
793 119
794 120
795 120
796 120
797 120
798 120
799 120
800 120
801 120
802 120
803 121
804 121
805 121
806 121
807 121
808 121
809 121
810 121
811 121
812 121
813 121
814 121
815 121
816 121
817 121
818 121
819 121
820 121
821 121
822 122
823 122
824 122
825 122
826 122
827 122
828 123
829 123
830 123
831 123
832 123
833 124
834 124
835 124
836 124
837 124
838 125
839 125
840 125
841 125
842 125
843 125
844 125
845 125
846 125
847 125
848 126
849 126
850 126
851 126
852 126
853 126
854 126
855 126
856 126
857 126
858 126
859 127
860 127
861 127
862 127
863 127
864 127
865 128
866 128
867 129
868 130
869 130
870 130
871 130
872 130
873 130
874 130
875 130
876 130
877 130
878 130
879 130
880 130
881 130
882 130
883 130
884 130
885 130
886 130
887 130
888 130
889 130
890 130
891 130
892 130
893 131
894 131
895 132
896 132
897 132
898 133
899 133
900 133
901 134
902 134
903 134
904 135
905 135
906 135
907 135
908 135
909 135
910 135
911 135
912 135
913 135
914 135
915 135
916 135
917 135
918 136
919 137
920 137
921 137
922 137
923 138
924 138
925 139
926 139
927 139
928 140
929 140
930 140
931 141
932 142
933 142
934 142
935 142
936 142
937 142
938 142
939 143
940 143
941 144
942 144
943 144
944 144
945 144
946 145
947 145
948 145
949 145
950 145
951 146
952 147
953 148
954 148
955 148
956 148
957 148
958 149
959 149
960 150
961 151
962 151
963 151
964 152
965 152
966 152
967 152
968 152
969 153
970 154
971 154
972 154
973 154
974 154
975 154
976 154
977 154
978 154
979 154
980 154
981 154
982 154
983 154
984 154
985 155
986 155
987 155
988 155
989 155
990 155
991 155
992 155
993 155
994 155
995 155
996 155
997 155
998 155
999 155
1000 155
1001 155
1002 155
1003 156
1004 156
1005 156
1006 156
1007 156
1008 156
1009 156
1010 157
1011 157
1012 158
1013 159
1014 159
1015 159
1016 159
1017 159
1018 159
1019 159
1020 159
1021 159
1022 159
1023 159
1024 159
1025 159
1026 159
1027 159
1028 159
1029 159
1030 160
1031 160
1032 160
1033 160
1034 160
1035 160
1036 160
1037 160
1038 160
1039 160
1040 161
1041 161
1042 161
1043 161
1044 162
1045 162
1046 162
1047 163
1048 163
1049 163
1050 163
1051 163
1052 163
1053 163
1054 163
1055 163
1056 164
1057 164
1058 164
1059 164
1060 164
1061 164
1062 165
1063 165
1064 166
1065 166
1066 166
1067 166
1068 166
1069 166
1070 166
1071 166
1072 166
1073 166
1074 166
1075 166
1076 166
1077 166
1078 166
1079 166
1080 166
1081 166
1082 166
1083 167
1084 167
1085 167
1086 167
1087 167
1088 167
1089 168
1090 168
1091 168
1092 168
1093 169
1094 170
1095 170
1096 170
1097 170
1098 171
1099 171
1100 172
1101 173
1102 173
1103 174
1104 174
1105 174
1106 174
1107 174
1108 174
1109 174
1110 174
1111 174
1112 174
1113 174
1114 174
1115 174
1116 174
1117 175
1118 175
1119 175
1120 175
1121 176
1122 176
1123 177
1124 177
1125 177
1126 177
1127 177
1128 177
1129 178
1130 178
1131 179
1132 180
1133 180
1134 181
1135 181
1136 182
1137 182
1138 183
1139 183
1140 183
1141 183
1142 184
1143 184
1144 185
1145 185
1146 185
1147 186
1148 186
1149 186
1150 186
1151 186
1152 186
1153 187
1154 187
1155 187
1156 187
1157 187
1158 187
1159 187
1160 187
1161 187
1162 187
1163 187
1164 187
1165 187
1166 187
1167 187
1168 187
1169 187
1170 187
1171 187
1172 187
1173 187
1174 187
1175 188
1176 188
1177 188
1178 188
1179 188
1180 188
1181 188
1182 188
1183 188
1184 188
1185 188
1186 188
1187 188
1188 189
1189 190
1190 190
1191 190
1192 191
1193 191
1194 191
1195 192
1196 192
1197 192
1198 192
1199 192
1200 192
1201 192
1202 192
1203 192
1204 192
1205 192
1206 192
1207 192
1208 192
1209 192
1210 193
1211 193
1212 193
1213 194
1214 195
1215 195
1216 196
1217 196
1218 196
1219 197
1220 197
1221 197
1222 197
1223 197
1224 198
1225 199
1226 199
1227 199
1228 199
1229 199
1230 199
1231 199
1232 199
1233 199
1234 199
1235 199
1236 199
1237 199
1238 199
1239 199
1240 199
1241 200
1242 200
1243 200
1244 200
1245 200
1246 200
1247 200
1248 200
1249 200
1250 200
1251 200
1252 200
1253 201
1254 201
1255 201
1256 201
1257 201
1258 201
1259 201
1260 202
1261 202
1262 202
1263 202
1264 203
1265 203
1266 204
1267 204
1268 204
1269 204
1270 204
1271 204
1272 205
1273 205
1274 205
1275 205
1276 205
1277 206
1278 207
1279 207
1280 207
1281 207
1282 207
1283 207
1284 207
1285 207
1286 207
1287 207
1288 207
1289 207
1290 207
1291 207
1292 207
1293 207
1294 207
1295 207
1296 207
1297 207
1298 207
1299 207
1300 207
1301 207
1302 207
1303 208
1304 208
1305 209
1306 209
1307 209
1308 209
1309 209
1310 209
1311 209
1312 209
1313 209
1314 209
1315 209
1316 209
1317 209
1318 209
1319 209
1320 210
1321 210
1322 210
1323 210
1324 210
1325 211
1326 212
1327 212
1328 212
1329 212
1330 212
1331 212
1332 212
1333 212
1334 212
1335 212
1336 212
1337 212
1338 212
1339 212
1340 212
1341 212
1342 212
1343 212
1344 212
1345 212
1346 213
1347 213
1348 213
1349 213
1350 213
1351 213
1352 213
1353 213
1354 214
1355 214
1356 214
1357 214
1358 214
1359 214
1360 214
1361 214
1362 214
1363 214
1364 214
1365 214
1366 214
1367 214
1368 215
1369 215
1370 215
1371 215
1372 215
1373 215
1374 215
1375 216
1376 217
1377 217
1378 217
1379 217
1380 217
1381 217
1382 217
1383 217
1384 217
1385 217
1386 217
1387 217
1388 217
1389 217
1390 217
1391 217
1392 218
1393 218
1394 218
1395 218
1396 218
1397 218
1398 219
1399 219
1400 219
1401 219
1402 219
1403 219
1404 219
1405 219
1406 219
1407 219
1408 219
1409 219
1410 219
1411 220
1412 220
1413 220
1414 220
1415 220
1416 220
1417 220
1418 220
1419 220
1420 220
1421 220
1422 220
1423 221
1424 221
1425 221
1426 222
1427 222
1428 222
1429 222
1430 222
1431 222
1432 222
1433 222
1434 222
1435 222
1436 222
1437 222
1438 222
1439 222
1440 222
1441 222
1442 223
1443 224
1444 224
1445 224
1446 225
1447 225
1448 226
1449 227
1450 227
1451 228
1452 229
1453 229
1454 229
1455 229
1456 229
1457 229
1458 229
1459 230
1460 230
1461 231
1462 232
1463 232
1464 233
1465 233
1466 233
1467 234
1468 235
1469 235
1470 236
1471 236
1472 236
1473 236
1474 237
1475 237
1476 237
1477 238
1478 239
1479 239
1480 239
1481 240
1482 240
1483 241
1484 241
1485 241
1486 241
1487 242
1488 243
1489 243
1490 244
1491 244
1492 244
1493 244
1494 244
1495 244
1496 245
1497 245
1498 245
1499 245
1500 245
1501 245
1502 245
1503 245
1504 245
1505 245
1506 246
1507 246
1508 247
1509 247
1510 247
1511 247
1512 247
1513 247
1514 247
1515 247
1516 247
1517 247
1518 247
1519 247
1520 247
1521 248
1522 248
1523 248
1524 248
1525 248
1526 248
1527 248
1528 248
1529 248
1530 248
1531 249
1532 250
1533 250
1534 251
1535 251
1536 251
1537 251
1538 251
1539 251
1540 251
1541 251
1542 251
1543 251
1544 251
1545 251
1546 251
1547 251
1548 251
1549 251
1550 251
1551 251
1552 252
1553 252
1554 252
1555 253
1556 253
1557 253
1558 253
1559 253
1560 253
1561 253
1562 253
1563 253
1564 253
1565 253
1566 253
1567 254
1568 254
1569 254
1570 254
1571 254
1572 254
1573 255
1574 256
1575 256
1576 256
1577 256
1578 256
1579 256
1580 256
1581 256
1582 256
1583 256
1584 256
1585 256
1586 256
1587 256
1588 256
1589 257
1590 258
1591 258
1592 259
1593 260
1594 261
1595 262
1596 263
1597 263
1598 263
1599 263
1600 263
1601 264
1602 264
1603 264
1604 264
1605 265
1606 266
1607 267
1608 267
1609 267
1610 267
1611 267
1612 267
1613 267
1614 267
1615 267
1616 267
1617 267
1618 268
1619 268
1620 268
1621 268
1622 268
1623 268
1624 268
1625 268
1626 268
1627 268
1628 268
1629 268
1630 268
1631 268
1632 268
1633 268
1634 268
1635 268
1636 268
1637 268
1638 268
1639 268
1640 269
1641 270
1642 271
1643 271
1644 271
1645 271
1646 271
1647 271
1648 271
1649 271
1650 271
1651 272
1652 272
1653 272
1654 272
1655 272
1656 272
1657 272
1658 272
1659 273
1660 273
1661 274
1662 275
1663 275
1664 275
1665 275
1666 275
1667 275
1668 276
1669 276
1670 276
1671 276
1672 276
1673 276
1674 276
1675 276
1676 276
1677 276
1678 277
1679 277
1680 277
1681 277
1682 277
1683 277
1684 277
1685 277
1686 277
1687 277
1688 277
1689 278
1690 278
1691 278
1692 279
1693 279
1694 279
1695 280
1696 280
1697 280
1698 280
1699 280
1700 280
1701 280
1702 280
1703 281
1704 281
1705 282
1706 282
1707 283
1708 283
1709 283
1710 283
1711 283
1712 283
1713 283
1714 283
1715 283
1716 283
1717 283
1718 283
1719 283
1720 283
1721 283
1722 284
1723 284
1724 284
1725 284
1726 284
1727 284
1728 285
1729 285
1730 285
1731 286
1732 286
1733 286
1734 286
1735 286
1736 286
1737 286
1738 286
1739 286
1740 286
1741 286
1742 287
1743 287
1744 287
1745 287
1746 287
1747 287
1748 287
1749 287
1750 287
1751 287
1752 287
1753 287
1754 287
1755 287
1756 287
1757 287
1758 287
1759 287
1760 287
1761 287
1762 287
1763 287
1764 287
1765 287
1766 287
1767 287
1768 287
1769 287
1770 287
1771 287
1772 287
1773 288
1774 289
1775 289
1776 289
1777 289
1778 289
1779 289
1780 289
1781 289
1782 289
1783 289
1784 289
1785 290
1786 290
1787 290
1788 290
1789 290
1790 291
1791 291
1792 291
1793 291
1794 291
1795 291
1796 291
1797 291
1798 291
1799 291
1800 291
1801 291
1802 291
1803 291
1804 291
1805 292
1806 293
1807 293
1808 293
1809 294
1810 294
1811 294
1812 294
1813 294
1814 294
1815 294
1816 294
1817 294
1818 294
1819 294
1820 294
1821 294
1822 294
1823 294
1824 295
1825 295
1826 295
1827 296
1828 296
1829 296
1830 296
1831 296
1832 297
1833 297
1834 298
1835 299
1836 299
1837 299
1838 300
1839 300
1840 300
1841 300
1842 300
1843 300
1844 300
1845 300
1846 300
1847 300
1848 300
1849 301
1850 301
1851 301
1852 302
1853 302
1854 302
1855 302
1856 302
1857 302
1858 302
1859 302
1860 302
1861 302
1862 303
1863 303
1864 303
1865 303
1866 303
1867 303
1868 303
1869 303
1870 303
1871 303
1872 303
1873 303
1874 303
1875 303
1876 304
1877 304
1878 304
1879 304
1880 304
1881 304
1882 304
1883 304
1884 304
1885 304
1886 304
1887 304
1888 304
1889 304
1890 304
1891 304
1892 304
1893 304
1894 304
1895 304
1896 305
1897 305
1898 305
1899 305
1900 305
1901 306
1902 306
1903 306
1904 306
1905 306
1906 306
1907 306
1908 307
1909 308
1910 308
1911 309
1912 309
1913 309
1914 309
1915 309
1916 309
1917 309
1918 309
1919 309
1920 309
1921 309
1922 310
1923 310
1924 311
1925 311
1926 311
1927 311
1928 312
1929 313
1930 313
1931 313
1932 313
1933 314
1934 314
1935 314
1936 315
1937 316
1938 316
1939 316
1940 316
1941 316
1942 316
1943 316
1944 316
1945 316
1946 317
1947 317
1948 317
1949 317
1950 317
1951 317
1952 317
1953 318
1954 319
1955 319
1956 319
1957 320
1958 320
1959 320
1960 320
1961 320
1962 320
1963 321
1964 321
1965 322
1966 323
1967 323
1968 323
1969 323
1970 323
1971 324
1972 325
1973 325
1974 325
1975 326
1976 326
1977 326
1978 326
1979 326
1980 326
1981 327
1982 328
1983 328
1984 328
1985 328
1986 328
1987 328
1988 328
1989 328
1990 329
1991 330
1992 330
1993 330
1994 331
1995 331
1996 331
1997 331
1998 331
1999 331
2000 331
2001 331
2002 331
2003 331
2004 331
2005 331
2006 331
2007 331
2008 331
2009 331
2010 331
2011 331
2012 331
2013 331
2014 331
2015 331
2016 331
2017 331
2018 331
2019 331
2020 331
2021 331
2022 332
2023 332
2024 332
2025 332
2026 332
2027 332
2028 333
2029 333
2030 333
2031 333
2032 333
2033 333
2034 333
2035 333
2036 333
2037 333
2038 333
2039 333
2040 333
2041 333
2042 333
2043 333
2044 333
2045 333
2046 334
2047 335
2048 335
2049 335
2050 336
2051 336
2052 336
2053 337
2054 338
2055 338
2056 339
2057 339
2058 339
2059 339
2060 340
2061 340
2062 341
2063 342
2064 343
2065 343
2066 343
2067 343
2068 343
2069 343
2070 343
2071 343
2072 343
2073 343
2074 344
2075 344
2076 345
2077 346
2078 346
2079 347
2080 347
2081 348
2082 348
2083 348
2084 348
2085 348
2086 348
2087 349
2088 350
2089 350
2090 351
2091 351
2092 351
2093 351
2094 352
2095 352
2096 352
2097 353
2098 353
2099 353
2100 354
2101 354
2102 354
2103 355
2104 356
2105 356
2106 356
2107 356
2108 357
2109 358
2110 359
2111 359
2112 359
2113 359
2114 359
2115 359
2116 359
2117 360
2118 360
2119 360
2120 360
2121 361
2122 361
2123 362
2124 362
2125 362
2126 363
2127 364
2128 365
2129 365
2130 365
2131 365
2132 366
2133 366
2134 366
2135 366
2136 366
2137 367
2138 367
2139 367
2140 367
2141 367
2142 367
2143 367
2144 367
2145 367
2146 367
2147 367
2148 367
2149 367
2150 368
2151 368
2152 368
2153 369
2154 369
2155 369
2156 370
2157 370
2158 370
2159 371
2160 372
2161 372
2162 372
2163 372
2164 373
2165 373
2166 373
2167 374
2168 374
2169 375
2170 376
2171 376
2172 376
2173 376
2174 377
2175 378
2176 378
2177 378
2178 378
2179 379
2180 379
2181 380
2182 380
2183 380
2184 381
2185 381
2186 381
2187 382
2188 382
2189 382
2190 382
2191 382
2192 382
2193 383
2194 383
2195 383
2196 383
2197 383
2198 383
2199 383
2200 383
2201 383
2202 383
2203 384
2204 384
2205 384
2206 384
2207 384
2208 385
2209 385
2210 385
2211 385
2212 385
2213 386
2214 386
2215 386
2216 386
2217 386
2218 386
2219 386
2220 386
2221 386
2222 386
2223 386
2224 387
2225 388
2226 388
2227 388
2228 388
2229 388
2230 388
2231 388
2232 388
2233 388
2234 388
2235 388
2236 388
2237 389
2238 389
2239 389
2240 389
2241 390
2242 390
2243 391
2244 391
2245 391
2246 392
2247 392
2248 392
2249 392
2250 392
2251 392
2252 392
2253 392
2254 392
2255 392
2256 392
2257 392
2258 393
2259 393
2260 393
2261 393
2262 393
2263 393
2264 393
2265 393
2266 393
2267 394
2268 395
2269 395
2270 395
2271 395
2272 395
2273 395
2274 396
2275 396
2276 397
2277 398
2278 398
2279 399
2280 400
2281 400
2282 400
2283 401
2284 401
2285 402
2286 402
2287 402
2288 402
2289 402
2290 403
2291 403
2292 403
2293 403
2294 403
2295 404
2296 405
2297 405
2298 405
2299 405
2300 406
2301 406
2302 407
2303 407
2304 407
2305 407
2306 407
2307 408
2308 408
2309 408
2310 408
2311 408
2312 408
2313 408
2314 408
2315 408
2316 408
2317 409
2318 409
2319 409
2320 409
2321 409
2322 409
2323 409
2324 409
2325 409
2326 410
2327 410
2328 410
2329 410
2330 410
2331 410
2332 410
2333 410
2334 410
2335 410
2336 411
2337 411
2338 411
2339 411
2340 411
2341 411
2342 412
2343 413
2344 414
2345 414
2346 414
2347 414
2348 415
2349 415
2350 415
2351 416
2352 417
2353 417
2354 418
2355 418
2356 418
2357 418
2358 419
2359 419
2360 419
2361 419
2362 419
2363 419
2364 420
2365 420
2366 420
2367 420
2368 420
2369 420
2370 420
2371 420
2372 420
2373 420
2374 420
2375 420
2376 421
2377 421
2378 421
2379 422
2380 422
2381 422
2382 422
2383 422
2384 422
2385 422
2386 422
2387 422
2388 422
2389 422
2390 423
2391 424
2392 424
2393 424
2394 424
2395 425
2396 425
2397 425
2398 426
2399 427
2400 427
2401 427
2402 428
2403 428
2404 428
2405 428
2406 428
2407 428
2408 428
2409 429
2410 429
2411 429
2412 429
2413 429
2414 429
2415 429
2416 429
2417 429
2418 429
2419 429
2420 429
2421 429
2422 429
2423 429
2424 430
2425 431
2426 431
2427 431
2428 431
2429 431
2430 431
2431 431
2432 431
2433 431
2434 431
2435 431
2436 431
2437 432
2438 432
2439 432
2440 432
2441 432
2442 432
2443 432
2444 432
2445 432
2446 432
2447 432
2448 432
2449 432
2450 432
2451 433
2452 433
2453 433
2454 433
2455 433
2456 433
2457 434
2458 434
2459 434
2460 434
2461 435
2462 435
2463 436
2464 436
2465 436
2466 436
2467 436
2468 436
2469 436
2470 437
2471 438
2472 438
2473 439
2474 440
2475 440
2476 440
2477 440
2478 440
2479 440
2480 441
2481 441
2482 442
2483 442
2484 443
2485 443
2486 444
2487 444
2488 444
2489 444
2490 445
2491 445
2492 445
2493 445
2494 445
2495 445
2496 446
2497 447
2498 448
2499 448
2500 448
2501 448
2502 448
2503 448
2504 448
2505 448
2506 449
2507 449
2508 450
2509 450
2510 450
2511 450
2512 451
2513 452
2514 452
2515 453
2516 453
2517 453
2518 453
2519 453
2520 453
2521 453
2522 454
2523 454
2524 454
2525 454
2526 454
2527 454
2528 455
2529 455
2530 455
2531 455
2532 455
2533 455
2534 455
2535 455
2536 455
2537 455
2538 455
2539 455
2540 455
2541 455
2542 455
2543 455
2544 455
2545 455
2546 455
2547 456
2548 457
2549 457
2550 457
2551 457
2552 457
2553 457
2554 457
2555 457
2556 457
2557 457
2558 457
2559 457
2560 458
2561 458
2562 458
2563 458
2564 458
2565 458
2566 458
2567 458
2568 458
2569 459
2570 459
2571 459
2572 459
2573 459
2574 460
2575 460
2576 460
2577 460
2578 460
2579 460
2580 460
2581 460
2582 460
2583 460
2584 461
2585 462
2586 462
2587 462
2588 462
2589 462
2590 462
2591 462
2592 462
2593 462
2594 462
2595 462
2596 462
2597 462
2598 462
2599 462
2600 462
2601 462
2602 463
2603 463
2604 463
2605 463
2606 463
2607 463
2608 464
2609 465
2610 465
2611 465
2612 465
2613 466
2614 466
2615 466
2616 466
2617 467
2618 467
2619 467
2620 468
2621 468
2622 468
2623 468
2624 468
2625 468
2626 468
2627 468
2628 468
2629 469
2630 470
2631 470
2632 470
2633 470
2634 470
2635 470
2636 470
2637 470
2638 470
2639 470
2640 471
2641 471
2642 471
2643 472
2644 472
2645 472
2646 472
2647 472
2648 472
2649 472
2650 473
2651 473
2652 473
2653 473
2654 473
2655 473
2656 473
2657 473
2658 473
2659 474
2660 474
2661 475
2662 475
2663 476
2664 477
2665 477
2666 478
2667 478
2668 478
2669 478
2670 478
2671 479
2672 479
2673 479
2674 480
2675 480
2676 480
2677 481
2678 481
2679 481
2680 481
2681 481
2682 481
2683 482
2684 482
2685 482
2686 482
2687 482
2688 482
2689 482
2690 482
2691 482
2692 483
2693 483
2694 483
2695 483
2696 483
2697 483
2698 483
2699 483
2700 483
2701 483
2702 483
2703 483
2704 483
2705 483
2706 483
2707 484
2708 485
2709 485
2710 485
2711 485
2712 486
2713 486
2714 486
2715 487
2716 487
2717 487
2718 487
2719 488
2720 488
2721 488
2722 488
2723 488
2724 488
2725 488
2726 488
2727 488
2728 489
2729 489
2730 489
2731 489
2732 489
2733 489
2734 489
2735 489
2736 489
2737 490
2738 490
2739 490
2740 490
2741 491
2742 491
2743 491
2744 492
2745 492
2746 492
2747 492
2748 492
2749 492
2750 492
2751 493
2752 493
2753 493
2754 493
2755 493
2756 493
2757 493
2758 493
2759 493
2760 493
2761 493
2762 494
2763 494
2764 494
2765 495
2766 496
2767 496
2768 496
2769 496
2770 496
2771 496
2772 497
2773 497
2774 497
2775 497
2776 497
2777 497
2778 497
2779 497
2780 497
2781 497
2782 497
2783 497
2784 497
2785 497
2786 497
2787 497
2788 497
2789 497
2790 497
2791 497
2792 498
2793 498
2794 498
2795 499
2796 499
2797 500
2798 500
2799 500
2800 500
2801 500
2802 500
2803 500
2804 500
2805 500
2806 500
2807 500
2808 500
2809 500
2810 500
2811 500
2812 500
2813 500
2814 500
2815 500
2816 500
2817 500
2818 500
2819 500
2820 500
2821 500
2822 500
2823 500
2824 500
2825 501
2826 501
2827 501
2828 501
2829 501
2830 501
2831 501
2832 501
2833 501
2834 501
2835 501
2836 501
2837 501
2838 502
2839 502
2840 502
2841 502
2842 502
2843 502
2844 502
2845 502
2846 503
2847 503
2848 503
2849 503
2850 503
2851 503
2852 503
2853 503
2854 503
2855 504
2856 505
2857 506
2858 506
2859 506
2860 507
2861 507
2862 508
2863 508
2864 509
2865 509
2866 509
2867 509
2868 510
2869 510
2870 510
2871 510
2872 511
2873 511
2874 511
2875 511
2876 511
2877 512
2878 513
2879 513
2880 513
2881 513
2882 513
2883 513
2884 514
2885 514
2886 514
2887 514
2888 515
2889 515
2890 515
2891 515
2892 516
2893 516
2894 516
2895 516
2896 516
2897 516
2898 516
2899 517
2900 517
2901 517
2902 518
2903 518
2904 518
2905 518
2906 518
2907 518
2908 518
2909 519
2910 519
2911 519
2912 519
2913 519
2914 519
2915 519
2916 519
2917 519
2918 519
2919 519
2920 519
2921 519
2922 519
2923 519
2924 520
2925 520
2926 520
2927 520
2928 521
2929 521
2930 522
2931 522
2932 522
2933 522
2934 522
2935 522
2936 522
2937 522
2938 523
2939 523
2940 523
2941 523
2942 523
2943 523
2944 523
2945 523
2946 523
2947 523
2948 523
2949 523
2950 524
2951 525
2952 525
2953 525
2954 525
2955 525
2956 525
2957 525
2958 525
2959 526
2960 526
2961 526
2962 526
2963 526
2964 526
2965 526
2966 526
2967 526
2968 526
2969 526
2970 526
2971 526
2972 526
2973 526
2974 526
2975 526
2976 526
2977 527
2978 527
2979 527
2980 527
2981 527
2982 528
2983 528
2984 528
2985 529
2986 529
2987 529
2988 530
2989 530
2990 531
2991 531
2992 531
2993 531
2994 531
2995 531
2996 531
2997 531
2998 531
2999 531
3000 531
3001 531
3002 531
3003 531
3004 531
3005 531
3006 531
3007 531
3008 531
3009 531
3010 532
3011 533
3012 533
3013 533
3014 534
3015 534
3016 534
3017 534
3018 534
3019 535
3020 536
3021 537
3022 538
3023 538
3024 539
3025 540
3026 540
3027 541
3028 541
3029 541
3030 541
3031 541
3032 541
3033 541
3034 541
3035 541
3036 542
3037 542
3038 542
3039 542
3040 542
3041 542
3042 542
3043 542
3044 542
3045 542
3046 543
3047 543
3048 543
3049 543
3050 543
3051 544
3052 544
3053 544
3054 544
3055 544
3056 545
3057 545
3058 546
3059 546
3060 546
3061 546
3062 546
3063 546
3064 546
3065 546
3066 546
3067 546
3068 547
3069 547
3070 547
3071 547
3072 547
3073 547
3074 547
3075 548
3076 548
3077 548
3078 548
3079 548
3080 548
3081 548
3082 548
3083 548
3084 548
3085 549
3086 549
3087 549
3088 550
3089 550
3090 551
3091 551
3092 552
3093 552
3094 553
3095 553
3096 553
3097 554
3098 554
3099 554
3100 554
3101 554
3102 554
3103 554
3104 554
3105 554
3106 554
3107 555
3108 555
3109 555
3110 555
3111 555
3112 555
3113 555
3114 555
3115 555
3116 555
3117 555
3118 555
3119 556
3120 556
3121 556
3122 556
3123 556
3124 556
3125 557
3126 557
3127 557
3128 557
3129 557
3130 558
3131 559
3132 560
3133 560
3134 560
3135 560
3136 560
3137 560
3138 560
3139 560
3140 560
3141 561
3142 561
3143 561
3144 561
3145 561
3146 561
3147 561
3148 561
3149 561
3150 562
3151 562
3152 562
3153 562
3154 562
3155 562
3156 562
3157 562
3158 562
3159 562
3160 563
3161 563
3162 563
3163 564
3164 564
3165 565
3166 566
3167 566
3168 566
3169 566
3170 566
3171 566
3172 566
3173 567
3174 567
3175 567
3176 568
3177 568
3178 568
3179 568
3180 568
3181 568
3182 569
3183 570
3184 570
3185 570
3186 570
3187 570
3188 570
3189 571
3190 571
3191 571
3192 572
3193 573
3194 573
3195 573
3196 574
3197 574
3198 575
3199 575
3200 575
3201 575
3202 576
3203 576
3204 576
3205 577
3206 577
3207 577
3208 577
3209 577
3210 577
3211 577
3212 577
3213 577
3214 577
3215 577
3216 578
3217 579
3218 579
3219 579
3220 579
3221 579
3222 579
3223 580
3224 580
3225 580
3226 580
3227 580
3228 580
3229 580
3230 581
3231 582
3232 582
3233 582
3234 582
3235 582
3236 582
3237 582
3238 582
3239 582
3240 582
3241 582
3242 582
3243 582
3244 582
3245 582
3246 582
3247 582
3248 582
3249 582
3250 582
3251 582
3252 582
3253 582
3254 582
3255 582
3256 582
3257 582
3258 582
3259 583
3260 584
3261 584
3262 584
3263 584
3264 585
3265 585
3266 585
3267 585
3268 586
3269 586
3270 586
3271 586
3272 586
3273 586
3274 586
3275 586
3276 586
3277 586
3278 586
3279 586
3280 587
3281 588
3282 588
3283 588
3284 588
3285 588
3286 589
3287 590
3288 590
3289 590
3290 591
3291 592
3292 592
3293 592
3294 592
3295 592
3296 592
3297 592
3298 593
3299 593
3300 594
3301 594
3302 594
3303 594
3304 594
3305 594
3306 594
3307 594
3308 594
3309 594
3310 594
3311 594
3312 594
3313 595
3314 595
3315 595
3316 595
3317 595
3318 595
3319 595
3320 595
3321 595
3322 595
3323 595
3324 596
3325 596
3326 597
3327 597
3328 597
3329 597
3330 598
3331 598
3332 598
3333 598
3334 598
3335 599
3336 599
3337 599
3338 599
3339 599
3340 600
3341 600
3342 600
3343 600
3344 600
3345 601
3346 602
3347 602
3348 602
3349 602
3350 602
3351 602
3352 602
3353 602
3354 603
3355 603
3356 604
3357 604
3358 604
3359 604
3360 604
3361 604
3362 605
3363 605
3364 605
3365 606
3366 607
3367 607
3368 607
3369 607
3370 607
3371 607
3372 607
3373 607
3374 607
3375 607
3376 607
3377 607
3378 607
3379 607
3380 607
3381 608
3382 608
3383 608
3384 608
3385 608
3386 608
3387 608
3388 608
3389 608
3390 609
3391 609
3392 609
3393 609
3394 609
3395 609
3396 609
3397 610
3398 610
3399 610
3400 611
3401 611
3402 611
3403 611
3404 612
3405 612
3406 612
3407 612
3408 613
3409 613
3410 614
3411 614
3412 615
3413 615
3414 615
3415 615
3416 615
3417 616
3418 616
3419 616
3420 616
3421 616
3422 616
3423 616
3424 617
3425 618
3426 618
3427 618
3428 618
3429 618
3430 618
3431 619
3432 619
3433 619
3434 619
3435 619
3436 619
3437 619
3438 619
3439 620
3440 620
3441 621
3442 621
3443 622
3444 622
3445 622
3446 623
3447 623
3448 623
3449 623
3450 624
3451 624
3452 624
3453 624
3454 624
3455 624
3456 624
3457 624
3458 624
3459 624
3460 624
3461 624
3462 624
3463 625
3464 625
3465 625
3466 625
3467 625
3468 626
3469 626
3470 626
3471 626
3472 626
3473 627
3474 627
3475 627
3476 628
3477 629
3478 630
3479 630
3480 630
3481 630
3482 631
3483 632
3484 632
3485 632
3486 633
3487 634
3488 634
3489 634
3490 634
3491 634
3492 634
3493 634
3494 634
3495 634
3496 635
3497 636
3498 636
3499 636
3500 636
3501 636
3502 636
3503 636
3504 636
3505 637
3506 637
3507 637
3508 637
3509 637
3510 637
3511 637
3512 637
3513 637
3514 637
3515 637
3516 637
3517 637
3518 637
3519 638
3520 639
3521 639
3522 639
3523 639
3524 640
3525 641
3526 642
3527 642
3528 643
3529 643
3530 644
3531 645
3532 645
3533 645
3534 645
3535 645
3536 646
3537 646
3538 646
3539 646
3540 646
3541 646
3542 646
3543 646
3544 646
3545 646
3546 646
3547 646
3548 646
3549 646
3550 646
3551 646
3552 646
3553 647
3554 647
3555 647
3556 647
3557 647
3558 647
3559 647
3560 647
3561 647
3562 647
3563 647
3564 647
3565 647
3566 647
3567 647
3568 647
3569 647
3570 647
3571 648
3572 649
3573 649
3574 649
3575 649
3576 650
3577 650
3578 651
3579 651
3580 652
3581 652
3582 652
3583 652
3584 652
3585 653
3586 653
3587 653
3588 653
3589 653
3590 653
3591 653
3592 653
3593 653
3594 654
3595 655
3596 656
3597 657
3598 657
3599 657
3600 657
3601 657
3602 657
3603 657
3604 657
3605 657
3606 657
3607 657
3608 658
3609 659
3610 659
3611 659
3612 659
3613 659
3614 659
3615 659
3616 659
3617 660
3618 660
3619 660
3620 660
3621 660
3622 660
3623 660
3624 660
3625 660
3626 660
3627 660
3628 660
3629 661
3630 661
3631 661
3632 661
3633 661
3634 661
3635 661
3636 661
3637 662
3638 662
3639 662
3640 662
3641 663
3642 664
3643 665
3644 665
3645 665
3646 665
3647 665
3648 665
3649 665
3650 665
3651 665
3652 665
3653 665
3654 665
3655 665
3656 665
3657 666
3658 666
3659 666
3660 666
3661 666
3662 666
3663 666
3664 667
3665 667
3666 668
3667 669
3668 669
3669 669
3670 670
3671 670
3672 670
3673 670
3674 670
3675 670
3676 670
3677 671
3678 672
3679 672
3680 672
3681 672
3682 672
3683 672
3684 672
3685 672
3686 672
3687 673
3688 673
3689 674
3690 674
3691 674
3692 675
3693 675
3694 676
3695 676
3696 676
3697 676
3698 676
3699 676
3700 676
3701 676
3702 676
3703 676
3704 676
3705 676
3706 676
3707 676
3708 676
3709 677
3710 677
3711 678
3712 678
3713 679
3714 680
3715 680
3716 680
3717 680
3718 680
3719 681
3720 681
3721 682
3722 682
3723 683
3724 683
3725 683
3726 684
3727 684
3728 684
3729 685
3730 685
3731 685
3732 685
3733 686
3734 686
3735 687
3736 687
3737 687
3738 687
3739 687
3740 687
3741 687
3742 687
3743 687
3744 687
3745 687
3746 687
3747 687
3748 687
3749 687
3750 688
3751 688
3752 689
3753 689
3754 690
3755 690
3756 690
3757 690
3758 691
3759 691
3760 692
3761 692
3762 692
3763 693
3764 693
3765 693
3766 693
3767 693
3768 693
3769 693
3770 693
3771 693
3772 693
3773 693
3774 693
3775 694
3776 695
3777 695
3778 695
3779 695
3780 695
3781 696
3782 696
3783 696
3784 697
3785 697
3786 697
3787 697
3788 698
3789 699
3790 699
3791 699
3792 700
3793 700
3794 700
3795 700
3796 700
3797 700
3798 701
3799 702
3800 703
3801 703
3802 703
3803 703
3804 703
3805 703
3806 704
3807 704
3808 704
3809 704
3810 704
3811 705
3812 705
3813 706
3814 707
3815 707
3816 707
3817 707
3818 708
3819 708
3820 708
3821 708
3822 708
3823 708
3824 708
3825 708
3826 709
3827 709
3828 709
3829 709
3830 709
3831 709
3832 709
3833 709
3834 709
3835 709
3836 709
3837 709
3838 709
3839 709
3840 709
3841 709
3842 709
3843 709
3844 709
3845 709
3846 709
3847 709
3848 709
3849 710
3850 711
3851 711
3852 711
3853 712
3854 713
3855 713
3856 714
3857 714
3858 714
3859 714
3860 715
3861 715
3862 715
3863 716
3864 716
3865 716
3866 716
3867 716
3868 716
3869 716
3870 717
3871 717
3872 718
3873 718
3874 718
3875 718
3876 719
3877 719
3878 719
3879 720
3880 720
3881 720
3882 720
3883 721
3884 721
3885 721
3886 721
3887 721
3888 721
3889 722
3890 723
3891 724
3892 725
3893 725
3894 726
3895 726
3896 726
3897 726
3898 726
3899 726
3900 726
3901 726
3902 726
3903 726
3904 726
3905 726
3906 726
3907 726
3908 726
3909 726
3910 726
3911 726
3912 726
3913 726
3914 726
3915 727
3916 727
3917 727
3918 727
3919 727
3920 728
3921 728
3922 728
3923 728
3924 728
3925 728
3926 728
3927 728
3928 728
3929 728
3930 728
3931 728
3932 728
3933 728
3934 729
3935 729
3936 729
3937 730
3938 730
3939 730
3940 730
3941 730
3942 730
3943 731
3944 731
3945 732
3946 732
3947 733
3948 733
3949 733
3950 733
3951 733
3952 733
3953 734
3954 735
3955 735
3956 735
3957 736
3958 736
3959 736
3960 736
3961 736
3962 736
3963 736
3964 736
3965 737
3966 737
3967 737
3968 737
3969 737
3970 737
3971 738
3972 738
3973 738
3974 738
3975 738
3976 738
3977 739
3978 739
3979 739
3980 739
3981 739
3982 739
3983 739
3984 740
3985 740
3986 741
3987 741
3988 742
3989 742
3990 742
3991 743
3992 743
3993 743
3994 743
3995 743
3996 744
3997 744
3998 744
3999 744
4000 744
4001 744
4002 744
4003 744
4004 744
4005 744
4006 744
4007 744
4008 744
4009 744
4010 745
4011 745
4012 745
4013 746
4014 746
4015 746
4016 747
4017 748
4018 748
4019 748
4020 749
4021 750
4022 751
4023 751
4024 751
4025 752
4026 752
4027 752
4028 752
4029 753
4030 753
4031 754
4032 754
4033 754
4034 754
4035 755
4036 756
4037 756
4038 757
4039 758
4040 759
4041 759
4042 760
4043 761
4044 761
4045 761
4046 762
4047 762
4048 762
4049 763
4050 764
4051 764
4052 765
4053 765
4054 766
4055 766
4056 766
4057 766
4058 766
4059 766
4060 766
4061 766
4062 766
4063 766
4064 766
4065 766
4066 766
4067 767
4068 767
4069 767
4070 768
4071 769
4072 769
4073 769
4074 769
4075 769
4076 769
4077 769
4078 769
4079 769
4080 770
4081 770
4082 771
4083 772
4084 772
4085 772
4086 773
4087 773
4088 773
4089 773
4090 773
4091 773
4092 773
4093 773
4094 773
4095 773
4096 774
4097 774
4098 774
4099 775
4100 775
4101 775
4102 775
4103 775
4104 776
4105 776
4106 776
4107 777
4108 778
4109 778
4110 779
4111 779
4112 779
4113 780
4114 780
4115 781
4116 781
4117 781
4118 782
4119 782
4120 782
4121 782
4122 782
4123 783
4124 783
4125 784
4126 785
4127 785
4128 785
4129 786
4130 786
4131 786
4132 787
4133 787
4134 787
4135 788
4136 789
4137 789
4138 789
4139 790
4140 791
4141 792
4142 792
4143 793
4144 793
4145 793
4146 793
4147 794
4148 794
4149 795
4150 796
4151 796
4152 796
4153 797
4154 797
4155 797
4156 798
4157 798
4158 799
4159 799
4160 799
4161 800
4162 801
4163 801
4164 801
4165 801
4166 801
4167 801
4168 801
4169 802
4170 802
4171 803
4172 803
4173 803
4174 803
4175 803
4176 803
4177 803
4178 804
4179 804
4180 805
4181 805
4182 805
4183 805
4184 805
4185 805
4186 805
4187 805
4188 806
4189 806
4190 806
4191 806
4192 806
4193 806
4194 807
4195 808
4196 808
4197 808
4198 808
4199 809
4200 810
4201 811
4202 812
4203 812
4204 812
4205 812
4206 813
4207 813
4208 813
4209 813
4210 813
4211 814
4212 815
4213 815
4214 815
4215 815
4216 816
4217 816
4218 816
4219 816
4220 816
4221 816
4222 816
4223 816
4224 816
4225 816
4226 816
4227 817
4228 817
4229 817
4230 818
4231 818
4232 818
4233 818
4234 818
4235 818
4236 818
4237 818
4238 818
4239 818
4240 818
4241 818
4242 818
4243 818
4244 819
4245 820
4246 821
4247 821
4248 821
4249 822
4250 822
4251 822
4252 822
4253 823
4254 824
4255 824
4256 824
4257 824
4258 825
4259 825
4260 825
4261 825
4262 825
4263 825
4264 825
4265 825
4266 825
4267 826
4268 826
4269 827
4270 828
4271 828
4272 829
4273 829
4274 829
4275 829
4276 829
4277 830
4278 830
4279 830
4280 830
4281 830
4282 830
4283 831
4284 832
4285 833
4286 833
4287 833
4288 833
4289 833
4290 833
4291 833
4292 833
4293 833
4294 833
4295 834
4296 835
4297 836
4298 836
4299 837
4300 837
4301 838
4302 839
4303 839
4304 839
4305 839
4306 839
4307 839
4308 840
4309 840
4310 840
4311 840
4312 840
4313 840
4314 840
4315 840
4316 840
4317 841
4318 841
4319 841
4320 841
4321 841
4322 842
4323 842
4324 843
4325 843
4326 843
4327 844
4328 844
4329 844
4330 845
4331 845
4332 845
4333 845
4334 846
4335 846
4336 847
4337 847
4338 847
4339 847
4340 847
4341 847
4342 848
4343 848
4344 848
4345 848
4346 848
4347 849
4348 849
4349 849
4350 849
4351 849
4352 850
4353 851
4354 851
4355 851
4356 852
4357 852
4358 852
4359 852
4360 852
4361 853
4362 854
4363 855
4364 856
4365 857
4366 858
4367 858
4368 858
4369 858
4370 858
4371 858
4372 858
4373 858
4374 858
4375 858
4376 858
4377 858
4378 858
4379 859
4380 859
4381 859
4382 859
4383 859
4384 859
4385 859
4386 859
4387 859
4388 860
4389 860
4390 860
4391 860
4392 860
4393 860
4394 860
4395 860
4396 860
4397 860
4398 860
4399 860
4400 860
4401 860
4402 860
4403 860
4404 861
4405 861
4406 861
4407 861
4408 861
4409 861
4410 861
4411 861
4412 861
4413 862
4414 862
4415 862
4416 862
4417 862
4418 862
4419 862
4420 863
4421 863
4422 863
4423 863
4424 864
4425 864
4426 864
4427 864
4428 864
4429 864
4430 864
4431 864
4432 864
4433 864
4434 864
4435 865
4436 865
4437 866
4438 866
4439 866
4440 866
4441 866
4442 866
4443 866
4444 866
4445 866
4446 866
4447 866
4448 866
4449 866
4450 866
4451 866
4452 866
4453 867
4454 867
4455 868
4456 868
4457 869
4458 870
4459 870
4460 871
4461 871
4462 871
4463 872
4464 872
4465 872
4466 872
4467 873
4468 873
4469 873
4470 873
4471 873
4472 873
4473 873
4474 873
4475 873
4476 873
4477 873
4478 873
4479 873
4480 874
4481 874
4482 874
4483 875
4484 875
4485 876
4486 876
4487 876
4488 876
4489 876
4490 876
4491 876
4492 876
4493 876
4494 876
4495 876
4496 876
4497 876
4498 876
4499 877
4500 877
4501 878
4502 879
4503 879
4504 880
4505 880
4506 880
4507 880
4508 880
4509 880
4510 880
4511 880
4512 880
4513 880
4514 880
4515 880
4516 881
4517 881
4518 881
4519 882
4520 883
4521 883
4522 883
4523 883
4524 883
4525 883
4526 883
4527 883
4528 883
4529 884
4530 884
4531 884
4532 884
4533 884
4534 885
4535 886
4536 886
4537 887
4538 887
4539 888
4540 888
4541 888
4542 888
4543 888
4544 888
4545 888
4546 889
4547 890
4548 890
4549 891
4550 892
4551 892
4552 892
4553 892
4554 893
4555 893
4556 893
4557 893
4558 893
4559 893
4560 893
4561 893
4562 893
4563 894
4564 895
4565 895
4566 895
4567 896
4568 897
4569 898
4570 898
4571 898
4572 898
4573 898
4574 898
4575 898
4576 899
4577 899
4578 899
4579 900
4580 900
4581 900
4582 901
4583 901
4584 901
4585 902
4586 903
4587 904
4588 904
4589 904
4590 904
4591 904
4592 904
4593 905
4594 906
4595 906
4596 906
4597 907
4598 907
4599 907
4600 907
4601 907
4602 907
4603 907
4604 908
4605 909
4606 910
4607 911
4608 912
4609 912
4610 912
4611 913
4612 913
4613 913
4614 913
4615 913
4616 913
4617 914
4618 914
4619 915
4620 915
4621 915
4622 916
4623 917
4624 917
4625 917
4626 917
4627 917
4628 917
4629 918
4630 918
4631 919
4632 919
4633 920
4634 920
4635 920
4636 920
4637 920
4638 920
4639 920
4640 921
4641 921
4642 921
4643 921
4644 921
4645 921
4646 921
4647 921
4648 922
4649 922
4650 923
4651 923
4652 923
4653 923
4654 923
4655 923
4656 923
4657 924
4658 924
4659 924
4660 924
4661 924
4662 924
4663 924
4664 924
4665 924
4666 925
4667 925
4668 926
4669 927
4670 927
4671 927
4672 927
4673 928
4674 928
4675 928
4676 928
4677 929
4678 929
4679 929
4680 930
4681 930
4682 931
4683 931
4684 931
4685 931
4686 931
4687 931
4688 931
4689 931
4690 931
4691 931
4692 931
4693 931
4694 931
4695 931
4696 931
4697 931
4698 932
4699 932
4700 933
4701 933
4702 933
4703 934
4704 934
4705 935
4706 935
4707 936
4708 937
4709 937
4710 937
4711 937
4712 937
4713 937
4714 937
4715 937
4716 938
4717 938
4718 938
4719 938
4720 938
4721 939
4722 940
4723 940
4724 940
4725 940
4726 940
4727 940
4728 940
4729 940
4730 940
4731 940
4732 940
4733 940
4734 940
4735 940
4736 940
4737 940
4738 940
4739 940
4740 940
4741 940
4742 940
4743 940
4744 940
4745 940
4746 940
4747 940
4748 941
4749 941
4750 941
4751 941
4752 941
4753 941
4754 941
4755 942
4756 942
4757 942
4758 942
4759 942
4760 942
4761 942
4762 943
4763 943
4764 943
4765 944
4766 945
4767 945
4768 945
4769 945
4770 945
4771 946
4772 946
4773 946
4774 946
4775 946
4776 946
4777 947
4778 947
4779 947
4780 947
4781 947
4782 947
4783 947
4784 947
4785 947
4786 947
4787 947
4788 947
4789 947
4790 948
4791 948
4792 948
4793 948
4794 948
4795 948
4796 948
4797 948
4798 948
4799 949
4800 950
4801 950
4802 950
4803 951
4804 951
4805 951
4806 951
4807 952
4808 952
4809 952
4810 953
4811 953
4812 953
4813 954
4814 955
4815 955
4816 955
4817 955
4818 956
4819 956
4820 956
4821 957
4822 957
4823 957
4824 957
4825 957
4826 957
4827 958
4828 958
4829 958
4830 958
4831 959
4832 959
4833 959
4834 959
4835 959
4836 959
4837 959
4838 960
4839 960
4840 961
4841 961
4842 961
4843 962
4844 962
4845 962
4846 962
4847 962
4848 962
4849 962
4850 962
4851 962
4852 963
4853 963
4854 964
4855 964
4856 964
4857 964
4858 964
4859 964
4860 964
4861 965
4862 965
4863 966
4864 967
4865 968
4866 968
4867 968
4868 969
4869 969
4870 969
4871 969
4872 970
4873 970
4874 971
4875 971
4876 972
4877 972
4878 972
4879 973
4880 973
4881 973
4882 974
4883 974
4884 974
4885 974
4886 974
4887 974
4888 974
4889 974
4890 975
4891 975
4892 976
4893 976
4894 976
4895 977
4896 977
4897 978
4898 978
4899 978
4900 978
4901 979
4902 979
4903 980
4904 980
4905 981
4906 981
4907 981
4908 981
4909 981
4910 981
4911 981
4912 982
4913 982
4914 982
4915 982
4916 982
4917 982
4918 983
4919 984
4920 985
4921 985
4922 986
4923 987
4924 987
4925 988
4926 988
4927 989
4928 989
4929 990
4930 990
4931 990
4932 990
4933 990
4934 990
4935 990
4936 990
4937 991
4938 991
4939 992
4940 992
4941 992
4942 992
4943 992
4944 992
4945 992
4946 992
4947 993
4948 993
4949 993
4950 993
4951 993
4952 993
4953 993
4954 993
4955 993
4956 993
4957 993
4958 993
4959 993
4960 993
4961 993
4962 993
4963 993
4964 993
4965 993
4966 993
4967 993
4968 993
4969 993
4970 993
4971 993
4972 993
4973 993
4974 993
4975 993
4976 993
4977 994
4978 994
4979 994
4980 994
4981 994
4982 994
4983 994
4984 995
4985 995
4986 996
4987 996
4988 996
4989 996
4990 996
4991 996
4992 996
4993 996
4994 996
4995 996
4996 996
4997 996
4998 996
4999 996
5000 996
5001 996
5002 996
5003 996
5004 996
5005 996
5006 996
5007 996
5008 996
5009 996
5010 996
5011 996
5012 996
5013 996
5014 996
5015 996
5016 996
5017 996
5018 996
5019 996
5020 997
5021 997
5022 997
5023 997
5024 997
5025 997
5026 998
5027 998
5028 998
5029 998
5030 998
5031 998
5032 999
5033 1000
5034 1001
5035 1002
5036 1002
5037 1003
5038 1004
5039 1005
5040 1005
5041 1005
5042 1005
5043 1005
5044 1005
5045 1006
5046 1006
5047 1006
5048 1007
5049 1008
5050 1008
5051 1008
5052 1008
5053 1008
5054 1008
5055 1008
5056 1008
5057 1008
5058 1009
5059 1010
5060 1010
5061 1010
5062 1010
5063 1011
5064 1011
5065 1011
5066 1011
5067 1011
5068 1011
5069 1011
5070 1011
5071 1012
5072 1012
5073 1013
5074 1014
5075 1014
5076 1014
5077 1014
5078 1014
5079 1014
5080 1014
5081 1014
5082 1014
5083 1015
5084 1015
5085 1016
5086 1016
5087 1016
5088 1016
5089 1016
5090 1016
5091 1016
5092 1016
5093 1016
5094 1016
5095 1016
5096 1016
5097 1016
5098 1016
5099 1017
5100 1017
5101 1018
5102 1018
5103 1018
5104 1018
5105 1018
5106 1018
5107 1019
5108 1020
5109 1020
5110 1020
5111 1020
5112 1020
5113 1020
5114 1021
5115 1021
5116 1021
5117 1021
5118 1021
5119 1021
5120 1021
5121 1021
5122 1021
5123 1021
5124 1021
5125 1022
5126 1022
5127 1022
5128 1022
5129 1022
5130 1022
5131 1022
5132 1023
5133 1023
5134 1023
5135 1024
5136 1024
5137 1025
5138 1026
5139 1026
5140 1027
5141 1027
5142 1027
5143 1027
5144 1027
5145 1027
5146 1027
5147 1027
5148 1027
5149 1027
5150 1028
5151 1028
5152 1028
5153 1028
5154 1028
5155 1028
5156 1028
5157 1028
5158 1028
5159 1028
5160 1028
5161 1028
5162 1029
5163 1029
5164 1029
5165 1029
5166 1029
5167 1030
5168 1031
5169 1032
5170 1032
5171 1032
5172 1032
5173 1033
5174 1033
5175 1033
5176 1033
5177 1034
5178 1034
5179 1034
5180 1034
5181 1034
5182 1034
5183 1034
5184 1034
5185 1034
5186 1035
5187 1035
5188 1035
5189 1035
5190 1035
5191 1035
5192 1036
5193 1036
5194 1036
5195 1036
5196 1036
5197 1037
5198 1037
5199 1038
5200 1038
5201 1038
5202 1038
5203 1038
5204 1038
5205 1039
5206 1039
5207 1039
5208 1039
5209 1039
5210 1039
5211 1039
5212 1040
5213 1041
5214 1041
5215 1041
5216 1041
5217 1041
5218 1041
5219 1041
5220 1041
5221 1041
5222 1041
5223 1041
5224 1041
5225 1041
5226 1041
5227 1041
5228 1041
5229 1041
5230 1041
5231 1041
5232 1042
5233 1043
5234 1043
5235 1043
5236 1044
5237 1044
5238 1044
5239 1044
5240 1044
5241 1045
5242 1045
5243 1045
5244 1045
5245 1046
5246 1046
5247 1046
5248 1046
5249 1047
5250 1048
5251 1049
5252 1049
5253 1049
5254 1050
5255 1050
5256 1050
5257 1050
5258 1050
5259 1050
5260 1051
5261 1051
5262 1051
5263 1051
5264 1051
5265 1052
5266 1052
5267 1052
5268 1052
5269 1052
5270 1052
5271 1052
5272 1052
5273 1052
5274 1052
5275 1052
5276 1052
5277 1053
5278 1053
5279 1053
5280 1053
5281 1053
5282 1053
5283 1054
5284 1054
5285 1054
5286 1054
5287 1054
5288 1055
5289 1055
5290 1055
5291 1055
5292 1055
5293 1055
5294 1056
5295 1056
5296 1056
5297 1056
5298 1056
5299 1057
5300 1057
5301 1058
5302 1058
5303 1058
5304 1059
5305 1059
5306 1059
5307 1059
5308 1060
5309 1060
5310 1060
5311 1060
5312 1060
5313 1060
5314 1061
5315 1061
5316 1061
5317 1062
5318 1062
5319 1062
5320 1062
5321 1063
5322 1063
5323 1063
5324 1063
5325 1063
5326 1063
5327 1064
5328 1064
5329 1065
5330 1065
5331 1066
5332 1067
5333 1067
5334 1068
5335 1068
5336 1068
5337 1068
5338 1068
5339 1068
5340 1069
5341 1070
5342 1070
5343 1071
5344 1072
5345 1072
5346 1072
5347 1073
5348 1073
5349 1073
5350 1074
5351 1074
5352 1074
5353 1074
5354 1074
5355 1074
5356 1074
5357 1074
5358 1074
5359 1075
5360 1075
5361 1075
5362 1075
5363 1075
5364 1075
5365 1075
5366 1076
5367 1076
5368 1077
5369 1077
5370 1078
5371 1079
5372 1079
5373 1079
5374 1079
5375 1079
5376 1080
5377 1080
5378 1080
5379 1080
5380 1080
5381 1081
5382 1082
5383 1082
5384 1083
5385 1084
5386 1084
5387 1085
5388 1086
5389 1086
5390 1086
5391 1087
5392 1087
5393 1088
5394 1089
5395 1089
5396 1089
5397 1089
5398 1089
5399 1089
5400 1090
5401 1090
5402 1090
5403 1090
5404 1090
5405 1090
5406 1090
5407 1091
5408 1091
5409 1091
5410 1091
5411 1091
5412 1091
5413 1092
5414 1092
5415 1092
5416 1093
5417 1093
5418 1093
5419 1093
5420 1093
5421 1093
5422 1093
5423 1093
5424 1094
5425 1095
5426 1095
5427 1095
5428 1095
5429 1096
5430 1097
5431 1097
5432 1097
5433 1097
5434 1097
5435 1097
5436 1097
5437 1097
5438 1097
5439 1097
5440 1097
5441 1098
5442 1099
5443 1099
5444 1099
5445 1099
5446 1100
5447 1100
5448 1100
5449 1101
5450 1101
5451 1101
5452 1101
5453 1102
5454 1102
5455 1102
5456 1102
5457 1102
5458 1102
5459 1102
5460 1103
5461 1104
5462 1104
5463 1105
5464 1105
5465 1105
5466 1106
5467 1106
5468 1106
5469 1106
5470 1106
5471 1107
5472 1107
5473 1107
5474 1107
5475 1107
5476 1107
5477 1107
5478 1107
5479 1107
5480 1108
5481 1108
5482 1108
5483 1108
5484 1109
5485 1110
5486 1110
5487 1110
5488 1111
5489 1111
5490 1111
5491 1111
5492 1112
5493 1112
5494 1112
5495 1112
5496 1112
5497 1112
5498 1112
5499 1112
5500 1112
5501 1112
5502 1113
5503 1113
5504 1113
5505 1113
5506 1113
5507 1114
5508 1114
5509 1114
5510 1114
5511 1114
5512 1115
5513 1115
5514 1115
5515 1115
5516 1115
5517 1115
5518 1116
5519 1116
5520 1117
5521 1117
5522 1118
5523 1118
5524 1118
5525 1118
5526 1118
5527 1119
5528 1119
5529 1119
5530 1119
5531 1119
5532 1120
5533 1120
5534 1120
5535 1120
5536 1120
5537 1120
5538 1121
5539 1121
5540 1121
5541 1121
5542 1122
5543 1122
5544 1122
5545 1123
5546 1123
5547 1123
5548 1123
5549 1123
5550 1123
5551 1124
5552 1124
5553 1124
5554 1124
5555 1124
5556 1124
5557 1124
5558 1124
5559 1124
5560 1124
5561 1124
5562 1124
5563 1124
5564 1124
5565 1124
5566 1124
5567 1124
5568 1124
5569 1125
5570 1125
5571 1125
5572 1125
5573 1125
5574 1125
5575 1125
5576 1125
5577 1125
5578 1125
5579 1126
5580 1126
5581 1126
5582 1126
5583 1126
5584 1126
5585 1127
5586 1127
5587 1127
5588 1127
5589 1127
5590 1127
5591 1127
5592 1127
5593 1127
5594 1127
5595 1127
5596 1128
5597 1128
5598 1128
5599 1128
5600 1128
5601 1128
5602 1128
5603 1128
5604 1128
5605 1128
5606 1128
5607 1128
5608 1129
5609 1129
5610 1129
5611 1129
5612 1129
5613 1129
5614 1129
5615 1129
5616 1129
5617 1129
5618 1129
5619 1129
5620 1130
5621 1130
5622 1131
5623 1131
5624 1131
5625 1132
5626 1132
5627 1132
5628 1132
5629 1133
5630 1134
5631 1134
5632 1135
5633 1135
5634 1135
5635 1135
5636 1135
5637 1135
5638 1135
5639 1135
5640 1135
5641 1136
5642 1136
5643 1136
5644 1136
5645 1136
5646 1136
5647 1136
5648 1136
5649 1136
5650 1136
5651 1136
5652 1136
5653 1136
5654 1137
5655 1137
5656 1137
5657 1137
5658 1137
5659 1137
5660 1137
5661 1137
5662 1137
5663 1137
5664 1138
5665 1138
5666 1138
5667 1138
5668 1138
5669 1138
5670 1138
5671 1138
5672 1138
5673 1138
5674 1138
5675 1138
5676 1138
5677 1138
5678 1139
5679 1139
5680 1139
5681 1140
5682 1140
5683 1141
5684 1142
5685 1142
5686 1142
5687 1142
5688 1142
5689 1143
5690 1143
5691 1144
5692 1144
5693 1144
5694 1144
5695 1144
5696 1144
5697 1144
5698 1144
5699 1144
5700 1145
5701 1145
5702 1145
5703 1146
5704 1146
5705 1146
5706 1146
5707 1146
5708 1146
5709 1147
5710 1147
5711 1147
5712 1147
5713 1148
5714 1148
5715 1149
5716 1149
5717 1149
5718 1149
5719 1149
5720 1149
5721 1149
5722 1149
5723 1149
5724 1149
5725 1149
5726 1149
5727 1149
5728 1149
5729 1149
5730 1150
5731 1150
5732 1151
5733 1151
5734 1152
5735 1152
5736 1152
5737 1153
5738 1153
5739 1153
5740 1153
5741 1153
5742 1153
5743 1153
5744 1153
5745 1153
5746 1153
5747 1153
5748 1153
5749 1153
5750 1153
5751 1153
5752 1153
5753 1153
5754 1154
5755 1154
5756 1154
5757 1154
5758 1154
5759 1154
5760 1154
5761 1154
5762 1154
5763 1154
5764 1155
5765 1155
5766 1155
5767 1156
5768 1156
5769 1156
5770 1156
5771 1156
5772 1156
5773 1156
5774 1156
5775 1157
5776 1157
5777 1157
5778 1158
5779 1158
5780 1158
5781 1158
5782 1159
5783 1159
5784 1159
5785 1160
5786 1160
5787 1160
5788 1160
5789 1160
5790 1160
5791 1160
5792 1160
5793 1160
5794 1160
5795 1160
5796 1160
5797 1160
5798 1160
5799 1160
5800 1160
5801 1160
5802 1161
5803 1161
5804 1162
5805 1162
5806 1163
5807 1163
5808 1163
5809 1163
5810 1163
5811 1163
5812 1163
5813 1164
5814 1165
5815 1165
5816 1166
5817 1166
5818 1166
5819 1166
5820 1166
5821 1166
5822 1166
5823 1166
5824 1166
5825 1166
5826 1166
5827 1166
5828 1166
5829 1166
5830 1166
5831 1166
5832 1166
5833 1166
5834 1166
5835 1166
5836 1166
5837 1166
5838 1166
5839 1166
5840 1166
5841 1166
5842 1167
5843 1167
5844 1167
5845 1168
5846 1168
5847 1168
5848 1168
5849 1168
5850 1168
5851 1168
5852 1168
5853 1168
5854 1168
5855 1169
5856 1169
5857 1169
5858 1169
5859 1169
5860 1169
5861 1169
5862 1169
5863 1169
5864 1169
5865 1169
5866 1169
5867 1169
5868 1169
5869 1169
5870 1169
5871 1169
5872 1169
5873 1169
5874 1169
5875 1169
5876 1169
5877 1169
5878 1169
5879 1169
5880 1169
5881 1169
5882 1169
5883 1170
5884 1171
5885 1171
5886 1171
5887 1172
5888 1172
5889 1172
5890 1172
5891 1172
5892 1172
5893 1172
5894 1172
5895 1172
5896 1172
5897 1172
5898 1172
5899 1172
5900 1173
5901 1173
5902 1173
5903 1174
5904 1174
5905 1174
5906 1174
5907 1174
5908 1174
5909 1174
5910 1175
5911 1175
5912 1175
5913 1176
5914 1177
5915 1177
5916 1177
5917 1178
5918 1179
5919 1179
5920 1179
5921 1179
5922 1179
5923 1179
5924 1179
5925 1179
5926 1179
5927 1179
5928 1180
5929 1181
5930 1181
5931 1181
5932 1181
5933 1181
5934 1181
5935 1181
5936 1181
5937 1181
5938 1182
5939 1182
5940 1182
5941 1182
5942 1183
5943 1183
5944 1183
5945 1183
5946 1183
5947 1183
5948 1184
5949 1184
5950 1185
5951 1185
5952 1185
5953 1185
5954 1185
5955 1185
5956 1185
5957 1186
5958 1186
5959 1187
5960 1187
5961 1188
5962 1188
5963 1188
5964 1188
5965 1188
5966 1188
5967 1188
5968 1188
5969 1188
5970 1188
5971 1188
5972 1188
5973 1189
5974 1190
5975 1190
5976 1190
5977 1190
5978 1191
5979 1191
5980 1192
5981 1192
5982 1192
5983 1192
5984 1192
5985 1192
5986 1192
5987 1192
5988 1192
5989 1192
5990 1192
5991 1192
5992 1192
5993 1193
5994 1193
5995 1193
5996 1194
5997 1194
5998 1194
5999 1194
6000 1194
6001 1194
6002 1194
6003 1195
6004 1196
6005 1196
6006 1196
6007 1197
6008 1197
6009 1197
6010 1197
6011 1197
6012 1197
6013 1197
6014 1197
6015 1197
6016 1198
6017 1199
6018 1200
6019 1201
6020 1201
6021 1201
6022 1201
6023 1201
6024 1201
6025 1201
6026 1201
6027 1202
6028 1202
6029 1202
6030 1202
6031 1202
6032 1202
6033 1203
6034 1203
6035 1203
6036 1204
6037 1204
6038 1205
6039 1205
6040 1205
6041 1205
6042 1205
6043 1205
6044 1206
6045 1206
6046 1206
6047 1206
6048 1206
6049 1206
6050 1206
6051 1206
6052 1206
6053 1207
6054 1208
6055 1208
6056 1208
6057 1208
6058 1208
6059 1208
6060 1208
6061 1208
6062 1208
6063 1208
6064 1208
6065 1208
6066 1208
6067 1208
6068 1208
6069 1208
6070 1208
6071 1208
6072 1209
6073 1209
6074 1209
6075 1209
6076 1209
6077 1209
6078 1209
6079 1209
6080 1209
6081 1209
6082 1209
6083 1210
6084 1210
6085 1210
6086 1210
6087 1210
6088 1210
6089 1210
6090 1210
6091 1211
6092 1211
6093 1211
6094 1211
6095 1211
6096 1211
6097 1211
6098 1211
6099 1211
6100 1211
6101 1211
6102 1211
6103 1211
6104 1212
6105 1212
6106 1212
6107 1213
6108 1213
6109 1213
6110 1213
6111 1213
6112 1213
6113 1213
6114 1213
6115 1213
6116 1213
6117 1214
6118 1215
6119 1215
6120 1216
6121 1216
6122 1216
6123 1216
6124 1217
6125 1218
6126 1218
6127 1218
6128 1218
6129 1219
6130 1219
6131 1220
6132 1220
6133 1220
6134 1221
6135 1221
6136 1221
6137 1221
6138 1221
6139 1221
6140 1221
6141 1221
6142 1222
6143 1222
6144 1222
6145 1222
6146 1222
6147 1222
6148 1222
6149 1223
6150 1223
6151 1223
6152 1224
6153 1224
6154 1224
6155 1224
6156 1224
6157 1224
6158 1224
6159 1224
6160 1225
6161 1225
6162 1225
6163 1225
6164 1226
6165 1226
6166 1227
6167 1227
6168 1227
6169 1227
6170 1227
6171 1228
6172 1229
6173 1229
6174 1230
6175 1230
6176 1230
6177 1230
6178 1230
6179 1230
6180 1230
6181 1230
6182 1230
6183 1231
6184 1231
6185 1231
6186 1231
6187 1231
6188 1231
6189 1231
6190 1231
6191 1232
6192 1232
6193 1232
6194 1232
6195 1232
6196 1232
6197 1232
6198 1233
6199 1233
6200 1233
6201 1234
6202 1234
6203 1234
6204 1234
6205 1234
6206 1234
6207 1234
6208 1235
6209 1235
6210 1235
6211 1235
6212 1235
6213 1235
6214 1235
6215 1235
6216 1236
6217 1236
6218 1236
6219 1236
6220 1236
6221 1236
6222 1236
6223 1236
6224 1236
6225 1236
6226 1236
6227 1236
6228 1237
6229 1237
6230 1237
6231 1237
6232 1237
6233 1237
6234 1237
6235 1237
6236 1237
6237 1237
6238 1237
6239 1237
6240 1238
6241 1238
6242 1238
6243 1238
6244 1238
6245 1239
6246 1239
6247 1239
6248 1240
6249 1240
6250 1240
6251 1241
6252 1242
6253 1242
6254 1242
6255 1242
6256 1242
6257 1242
6258 1243
6259 1244
6260 1245
6261 1246
6262 1246
6263 1246
6264 1246
6265 1246
6266 1246
6267 1246
6268 1246
6269 1247
6270 1248
6271 1248
6272 1248
6273 1249
6274 1250
6275 1250
6276 1250
6277 1250
6278 1250
6279 1250
6280 1250
6281 1250
6282 1250
6283 1250
6284 1251
6285 1251
6286 1251
6287 1252
6288 1253
6289 1254
6290 1254
6291 1254
6292 1254
6293 1255
6294 1255
6295 1255
6296 1256
6297 1257
6298 1257
6299 1258
6300 1259
6301 1260
6302 1260
6303 1260
6304 1261
6305 1261
6306 1261
6307 1261
6308 1261
6309 1262
6310 1262
6311 1263
6312 1263
6313 1264
6314 1264
6315 1264
6316 1264
6317 1264
6318 1264
6319 1264
6320 1265
6321 1266
6322 1266
6323 1266
6324 1266
6325 1266
6326 1267
6327 1267
6328 1268
6329 1268
6330 1269
6331 1269
6332 1269
6333 1269
6334 1269
6335 1269
6336 1269
6337 1269
6338 1269
6339 1269
6340 1269
6341 1269
6342 1269
6343 1269
6344 1269
6345 1269
6346 1269
6347 1269
6348 1270
6349 1270
6350 1270
6351 1270
6352 1270
6353 1270
6354 1271
6355 1271
6356 1271
6357 1272
6358 1272
6359 1272
6360 1272
6361 1273
6362 1273
6363 1274
6364 1274
6365 1274
6366 1274
6367 1274
6368 1274
6369 1274
6370 1274
6371 1275
6372 1276
6373 1277
6374 1277
6375 1277
6376 1277
6377 1278
6378 1278
6379 1279
6380 1280
6381 1280
6382 1280
6383 1280
6384 1280
6385 1281
6386 1281
6387 1282
6388 1282
6389 1282
6390 1282
6391 1282
6392 1282
6393 1282
6394 1283
6395 1284
6396 1284
6397 1284
6398 1284
6399 1285
6400 1285
6401 1285
6402 1285
6403 1285
6404 1286
6405 1287
6406 1287
6407 1288
6408 1288
6409 1288
6410 1288
6411 1288
6412 1288
6413 1288
6414 1288
6415 1289
6416 1289
6417 1290
6418 1290
6419 1290
6420 1290
6421 1290
6422 1291
6423 1291
6424 1291
6425 1291
6426 1291
6427 1291
6428 1291
6429 1291
6430 1292
6431 1292
6432 1292
6433 1292
6434 1292
6435 1293
6436 1293
6437 1293
6438 1294
6439 1295
6440 1295
6441 1295
6442 1295
6443 1295
6444 1296
6445 1296
6446 1296
6447 1297
6448 1297
6449 1297
6450 1297
6451 1298
6452 1298
6453 1299
6454 1299
6455 1299
6456 1299
6457 1299
6458 1299
6459 1299
6460 1299
6461 1299
6462 1300
6463 1301
6464 1301
6465 1301
6466 1301
6467 1301
6468 1302
6469 1302
6470 1302
6471 1302
6472 1302
6473 1303
6474 1303
6475 1303
6476 1303
6477 1303
6478 1303
6479 1303
6480 1303
6481 1303
6482 1303
6483 1303
6484 1303
6485 1303
6486 1304
6487 1305
6488 1305
6489 1305
6490 1306
6491 1306
6492 1306
6493 1306
6494 1306
6495 1307
6496 1307
6497 1307
6498 1307
6499 1307
6500 1307
6501 1307
6502 1307
6503 1307
6504 1307
6505 1307
6506 1307
6507 1307
6508 1307
6509 1307
6510 1308
6511 1308
6512 1308
6513 1308
6514 1308
6515 1308
6516 1308
6517 1309
6518 1309
6519 1310
6520 1310
6521 1310
6522 1310
6523 1311
6524 1311
6525 1311
6526 1311
6527 1312
6528 1312
6529 1313
6530 1313
6531 1313
6532 1313
6533 1313
6534 1314
6535 1314
6536 1315
6537 1315
6538 1315
6539 1315
6540 1315
6541 1315
6542 1315
6543 1315
6544 1315
6545 1316
6546 1317
6547 1317
6548 1317
6549 1318
6550 1318
6551 1318
6552 1318
6553 1318
6554 1319
6555 1319
6556 1320
6557 1320
6558 1320
6559 1320
6560 1320
6561 1320
6562 1321
6563 1322
6564 1322
6565 1322
6566 1323
6567 1324
6568 1325
6569 1325
6570 1325
6571 1325
6572 1326
6573 1326
6574 1326
6575 1326
6576 1327
6577 1327
6578 1327
6579 1328
6580 1328
6581 1328
6582 1328
6583 1328
6584 1328
6585 1329
6586 1329
6587 1329
6588 1329
6589 1329
6590 1329
6591 1329
6592 1329
6593 1329
6594 1330
6595 1330
6596 1330
6597 1330
6598 1330
6599 1330
6600 1330
6601 1330
6602 1330
6603 1330
6604 1330
6605 1330
6606 1330
6607 1330
6608 1331
6609 1331
6610 1331
6611 1331
6612 1331
6613 1331
6614 1331
6615 1331
6616 1331
6617 1331
6618 1331
6619 1332
6620 1332
6621 1332
6622 1332
6623 1333
6624 1333
6625 1333
6626 1334
6627 1335
6628 1335
6629 1336
6630 1337
6631 1337
6632 1337
6633 1337
6634 1338
6635 1338
6636 1338
6637 1338
6638 1338
6639 1338
6640 1338
6641 1338
6642 1338
6643 1338
6644 1339
6645 1339
6646 1339
6647 1339
6648 1339
6649 1339
6650 1339
6651 1339
6652 1339
6653 1339
6654 1340
6655 1341
6656 1341
6657 1342
6658 1343
6659 1343
6660 1343
6661 1344
6662 1344
6663 1345
6664 1346
6665 1346
6666 1346
6667 1347
6668 1347
6669 1347
6670 1348
6671 1348
6672 1349
6673 1349
6674 1349
6675 1349
6676 1349
6677 1349
6678 1349
6679 1349
6680 1349
6681 1349
6682 1349
6683 1349
6684 1349
6685 1350
6686 1350
6687 1351
6688 1351
6689 1352
6690 1352
6691 1353
6692 1353
6693 1353
6694 1354
6695 1354
6696 1354
6697 1354
6698 1354
6699 1354
6700 1355
6701 1355
6702 1355
6703 1355
6704 1355
6705 1356
6706 1356
6707 1356
6708 1356
6709 1357
6710 1357
6711 1357
6712 1358
6713 1359
6714 1359
6715 1359
6716 1359
6717 1359
6718 1359
6719 1360
6720 1360
6721 1361
6722 1362
6723 1362
6724 1363
6725 1364
6726 1365
6727 1365
6728 1365
6729 1365
6730 1365
6731 1365
6732 1365
6733 1366
6734 1366
6735 1366
6736 1366
6737 1366
6738 1366
6739 1366
6740 1366
6741 1366
6742 1366
6743 1366
6744 1367
6745 1367
6746 1368
6747 1368
6748 1369
6749 1369
6750 1370
6751 1370
6752 1370
6753 1370
6754 1370
6755 1371
6756 1372
6757 1373
6758 1373
6759 1373
6760 1373
6761 1373
6762 1373
6763 1373
6764 1374
6765 1374
6766 1374
6767 1374
6768 1374
6769 1374
6770 1375
6771 1376
6772 1377
6773 1377
6774 1377
6775 1377
6776 1377
6777 1377
6778 1377
6779 1377
6780 1377
6781 1377
6782 1377
6783 1377
6784 1377
6785 1378
6786 1378
6787 1378
6788 1378
6789 1378
6790 1378
6791 1378
6792 1378
6793 1378
6794 1379
6795 1379
6796 1379
6797 1379
6798 1379
6799 1379
6800 1379
6801 1379
6802 1379
6803 1380
6804 1380
6805 1380
6806 1380
6807 1381
6808 1382
6809 1383
6810 1383
6811 1383
6812 1384
6813 1384
6814 1384
6815 1384
6816 1384
6817 1384
6818 1384
6819 1384
6820 1384
6821 1384
6822 1384
6823 1384
6824 1384
6825 1384
6826 1384
6827 1385
6828 1385
6829 1385
6830 1385
6831 1385
6832 1385
6833 1386
6834 1386
6835 1386
6836 1386
6837 1386
6838 1386
6839 1386
6840 1386
6841 1386
6842 1386
6843 1387
6844 1387
6845 1388
6846 1388
6847 1388
6848 1388
6849 1388
6850 1388
6851 1388
6852 1388
6853 1388
6854 1388
6855 1388
6856 1388
6857 1388
6858 1389
6859 1389
6860 1389
6861 1389
6862 1389
6863 1389
6864 1389
6865 1390
6866 1390
6867 1390
6868 1391
6869 1391
6870 1391
6871 1391
6872 1392
6873 1392
6874 1392
6875 1393
6876 1393
6877 1393
6878 1393
6879 1393
6880 1394
6881 1395
6882 1395
6883 1396
6884 1396
6885 1396
6886 1396
6887 1396
6888 1396
6889 1397
6890 1397
6891 1398
6892 1398
6893 1399
6894 1399
6895 1399
6896 1399
6897 1399
6898 1399
6899 1400
6900 1400
6901 1400
6902 1400
6903 1400
6904 1400
6905 1400
6906 1400
6907 1400
6908 1401
6909 1401
6910 1401
6911 1401
6912 1401
6913 1401
6914 1401
6915 1401
6916 1402
6917 1402
6918 1402
6919 1402
6920 1402
6921 1402
6922 1402
6923 1402
6924 1402
6925 1403
6926 1404
6927 1404
6928 1404
6929 1404
6930 1404
6931 1405
6932 1405
6933 1405
6934 1405
6935 1405
6936 1406
6937 1406
6938 1407
6939 1407
6940 1407
6941 1408
6942 1409
6943 1409
6944 1409
6945 1409
6946 1409
6947 1409
6948 1410
6949 1410
6950 1410
6951 1410
6952 1411
6953 1411
6954 1412
6955 1412
6956 1412
6957 1413
6958 1414
6959 1414
6960 1414
6961 1414
6962 1415
6963 1416
6964 1416
6965 1416
6966 1416
6967 1416
6968 1416
6969 1417
6970 1417
6971 1417
6972 1418
6973 1418
6974 1418
6975 1418
6976 1418
6977 1418
6978 1418
6979 1418
6980 1418
6981 1418
6982 1418
6983 1418
6984 1418
6985 1419
6986 1419
6987 1419
6988 1420
6989 1420
6990 1421
6991 1421
6992 1422
6993 1422
6994 1422
6995 1422
6996 1422
6997 1422
6998 1423
6999 1423
7000 1423
7001 1423
7002 1423
7003 1423
7004 1423
7005 1423
7006 1423
7007 1423
7008 1423
7009 1423
7010 1423
7011 1423
7012 1424
7013 1424
7014 1424
7015 1424
7016 1424
7017 1424
7018 1424
7019 1424
7020 1424
7021 1424
7022 1424
7023 1425
7024 1425
7025 1425
7026 1425
7027 1425
7028 1425
7029 1425
7030 1426
7031 1427
7032 1427
7033 1427
7034 1427
7035 1427
7036 1428
7037 1428
7038 1428
7039 1428
7040 1428
7041 1428
7042 1428
7043 1428
7044 1428
7045 1429
7046 1429
7047 1429
7048 1429
7049 1429
7050 1429
7051 1429
7052 1429
7053 1429
7054 1429
7055 1430
7056 1430
7057 1430
7058 1430
7059 1430
7060 1430
7061 1430
7062 1430
7063 1431
7064 1431
7065 1431
7066 1432
7067 1432
7068 1433
7069 1433
7070 1433
7071 1433
7072 1433
7073 1434
7074 1434
7075 1435
7076 1435
7077 1436
7078 1436
7079 1436
7080 1436
7081 1437
7082 1437
7083 1437
7084 1437
7085 1437
7086 1438
7087 1438
7088 1438
7089 1439
7090 1439
7091 1439
7092 1439
7093 1440
7094 1440
7095 1441
7096 1442
7097 1443
7098 1443
7099 1443
7100 1443
7101 1443
7102 1443
7103 1443
7104 1443
7105 1444
7106 1444
7107 1444
7108 1444
7109 1445
7110 1446
7111 1446
7112 1446
7113 1446
7114 1446
7115 1446
7116 1446
7117 1446
7118 1446
7119 1446
7120 1446
7121 1446
7122 1446
7123 1446
7124 1446
7125 1446
7126 1446
7127 1446
7128 1447
7129 1447
7130 1447
7131 1447
7132 1448
7133 1448
7134 1449
7135 1450
7136 1450
7137 1450
7138 1451
7139 1452
7140 1452
7141 1452
7142 1452
7143 1452
7144 1452
7145 1452
7146 1452
7147 1452
7148 1452
7149 1452
7150 1452
7151 1452
7152 1452
7153 1452
7154 1452
7155 1452
7156 1453
7157 1453
7158 1453
7159 1453
7160 1453
7161 1453
7162 1453
7163 1454
7164 1454
7165 1454
7166 1455
7167 1456
7168 1456
7169 1457
7170 1457
7171 1458
7172 1459
7173 1459
7174 1460
7175 1460
7176 1461
7177 1461
7178 1461
7179 1461
7180 1461
7181 1461
7182 1461
7183 1461
7184 1461
7185 1462
7186 1462
7187 1462
7188 1462
7189 1462
7190 1462
7191 1462
7192 1462
7193 1462
7194 1462
7195 1463
7196 1464
7197 1464
7198 1464
7199 1465
7200 1465
7201 1465
7202 1465
7203 1466
7204 1467
7205 1467
7206 1467
7207 1467
7208 1467
7209 1467
7210 1468
7211 1469
7212 1469
7213 1469
7214 1469
7215 1470
7216 1470
7217 1471
7218 1471
7219 1472
7220 1472
7221 1472
7222 1472
7223 1472
7224 1472
7225 1472
7226 1472
7227 1473
7228 1474
7229 1475
7230 1475
7231 1475
7232 1475
7233 1476
7234 1476
7235 1476
7236 1476
7237 1477
7238 1477
7239 1478
7240 1479
7241 1480
7242 1480
7243 1480
7244 1480
7245 1480
7246 1480
7247 1480
7248 1480
7249 1481
7250 1481
7251 1481
7252 1481
7253 1481
7254 1481
7255 1481
7256 1481
7257 1481
7258 1481
7259 1481
7260 1481
7261 1481
7262 1481
7263 1481
7264 1481
7265 1481
7266 1482
7267 1482
7268 1482
7269 1482
7270 1482
7271 1482
7272 1482
7273 1482
7274 1482
7275 1483
7276 1483
7277 1483
7278 1483
7279 1483
7280 1483
7281 1483
7282 1483
7283 1483
7284 1483
7285 1483
7286 1483
7287 1483
7288 1483
7289 1484
7290 1484
7291 1484
7292 1484
7293 1484
7294 1484
7295 1485
7296 1486
7297 1486
7298 1486
7299 1487
7300 1487
7301 1487
7302 1487
7303 1487
7304 1487
7305 1488
7306 1488
7307 1488
7308 1489
7309 1489
7310 1489
7311 1490
7312 1491
7313 1492
7314 1492
7315 1492
7316 1492
7317 1493
7318 1493
7319 1494
7320 1494
7321 1494
7322 1495
7323 1495
7324 1496
7325 1497
7326 1497
7327 1497
7328 1497
7329 1497
7330 1497
7331 1497
7332 1497
7333 1498
7334 1498
7335 1498
7336 1498
7337 1499
7338 1499
7339 1499
7340 1499
7341 1499
7342 1499
7343 1499
7344 1500
7345 1501
7346 1501
7347 1501
7348 1501
7349 1501
7350 1502
7351 1503
7352 1504
7353 1505
7354 1505
7355 1505
7356 1505
7357 1506
7358 1507
7359 1507
7360 1507
7361 1507
7362 1508
7363 1508
7364 1508
7365 1508
7366 1509
7367 1509
7368 1509
7369 1509
7370 1510
7371 1510
7372 1511
7373 1511
7374 1511
7375 1511
7376 1512
7377 1513
7378 1513
7379 1513
7380 1513
7381 1513
7382 1513
7383 1513
7384 1513
7385 1513
7386 1514
7387 1515
7388 1515
7389 1516
7390 1516
7391 1516
7392 1517
7393 1518
7394 1518
7395 1518
7396 1518
7397 1518
7398 1518
7399 1518
7400 1518
7401 1518
7402 1518
7403 1518
7404 1518
7405 1519
7406 1519
7407 1520
7408 1520
7409 1520
7410 1520
7411 1521
7412 1521
7413 1521
7414 1521
7415 1522
7416 1523
7417 1523
7418 1524
7419 1524
7420 1525
7421 1525
7422 1525
7423 1525
7424 1525
7425 1526
7426 1526
7427 1527
7428 1527
7429 1527
7430 1527
7431 1527
7432 1528
7433 1528
7434 1528
7435 1529
7436 1529
7437 1529
7438 1529
7439 1529
7440 1530
7441 1530
7442 1530
7443 1530
7444 1530
7445 1530
7446 1530
7447 1530
7448 1531
7449 1531
7450 1531
7451 1532
7452 1532
7453 1532
7454 1533
7455 1534
7456 1534
7457 1534
7458 1534
7459 1534
7460 1534
7461 1534
7462 1535
7463 1536
7464 1536
7465 1536
7466 1536
7467 1536
7468 1537
7469 1537
7470 1538
7471 1538
7472 1539
7473 1539
7474 1539
7475 1540
7476 1540
7477 1540
7478 1540
7479 1541
7480 1541
7481 1542
7482 1542
7483 1542
7484 1542
7485 1542
7486 1543
7487 1543
7488 1544
7489 1544
7490 1545
7491 1546
7492 1547
7493 1548
7494 1549
7495 1549
7496 1549
7497 1549
7498 1550
7499 1550
7500 1550
7501 1550
7502 1550
7503 1550
7504 1550
7505 1550
7506 1550
7507 1550
7508 1550
7509 1550
7510 1550
7511 1550
7512 1550
7513 1550
7514 1551
7515 1551
7516 1551
7517 1551
7518 1551
7519 1551
7520 1551
7521 1551
7522 1551
7523 1551
7524 1551
7525 1551
7526 1551
7527 1551
7528 1551
7529 1552
7530 1552
7531 1553
7532 1553
7533 1554
7534 1554
7535 1554
7536 1554
7537 1554
7538 1554
7539 1554
7540 1554
7541 1554
7542 1554
7543 1555
7544 1555
7545 1555
7546 1555
7547 1555
7548 1555
7549 1555
7550 1555
7551 1556
7552 1557
7553 1557
7554 1557
7555 1557
7556 1557
7557 1557
7558 1557
7559 1557
7560 1557
7561 1557
7562 1557
7563 1557
7564 1557
7565 1558
7566 1558
7567 1558
7568 1559
7569 1559
7570 1559
7571 1560
7572 1560
7573 1560
7574 1560
7575 1560
7576 1560
7577 1560
7578 1560
7579 1560
7580 1560
7581 1560
7582 1560
7583 1560
7584 1560
7585 1560
7586 1560
7587 1560
7588 1560
7589 1560
7590 1561
7591 1561
7592 1561
7593 1561
7594 1561
7595 1561
7596 1561
7597 1561
7598 1562
7599 1562
7600 1562
7601 1563
7602 1563
7603 1563
7604 1564
7605 1564
7606 1564
7607 1564
7608 1564
7609 1564
7610 1564
7611 1564
7612 1564
7613 1564
7614 1564
7615 1564
7616 1564
7617 1564
7618 1564
7619 1564
7620 1564
7621 1565
7622 1565
7623 1565
7624 1565
7625 1566
7626 1566
7627 1566
7628 1566
7629 1567
7630 1567
7631 1568
7632 1568
7633 1568
7634 1568
7635 1568
7636 1568
7637 1568
7638 1568
7639 1568
7640 1568
7641 1569
7642 1569
7643 1569
7644 1569
7645 1570
7646 1570
7647 1570
7648 1570
7649 1571
7650 1571
7651 1571
7652 1572
7653 1572
7654 1572
7655 1572
7656 1572
7657 1572
7658 1572
7659 1572
7660 1573
7661 1573
7662 1573
7663 1573
7664 1573
7665 1573
7666 1573
7667 1574
7668 1574
7669 1574
7670 1575
7671 1576
7672 1576
7673 1576
7674 1576
7675 1576
7676 1576
7677 1577
7678 1577
7679 1577
7680 1577
7681 1578
7682 1578
7683 1578
7684 1578
7685 1578
7686 1578
7687 1578
7688 1579
7689 1579
7690 1579
7691 1579
7692 1580
7693 1580
7694 1580
7695 1580
7696 1580
7697 1580
7698 1581
7699 1581
7700 1581
7701 1581
7702 1581
7703 1581
7704 1581
7705 1581
7706 1581
7707 1581
7708 1581
7709 1582
7710 1582
7711 1582
7712 1582
7713 1582
7714 1582
7715 1582
7716 1582
7717 1582
7718 1582
7719 1582
7720 1582
7721 1582
7722 1582
7723 1582
7724 1582
7725 1582
7726 1582
7727 1582
7728 1582
7729 1582
7730 1582
7731 1582
7732 1582
7733 1583
7734 1583
7735 1583
7736 1583
7737 1584
7738 1584
7739 1584
7740 1584
7741 1584
7742 1584
7743 1584
7744 1584
7745 1584
7746 1585
7747 1585
7748 1586
7749 1586
7750 1587
7751 1587
7752 1587
7753 1587
7754 1587
7755 1588
7756 1588
7757 1588
7758 1588
7759 1588
7760 1588
7761 1588
7762 1588
7763 1588
7764 1588
7765 1588
7766 1589
7767 1589
7768 1589
7769 1589
7770 1589
7771 1590
7772 1590
7773 1590
7774 1590
7775 1591
7776 1591
7777 1591
7778 1591
7779 1592
7780 1592
7781 1592
7782 1593
7783 1593
7784 1593
7785 1593
7786 1593
7787 1593
7788 1593
7789 1593
7790 1594
7791 1595
7792 1595
7793 1595
7794 1595
7795 1595
7796 1595
7797 1595
7798 1595
7799 1595
7800 1595
7801 1595
7802 1595
7803 1596
7804 1597
7805 1598
7806 1599
7807 1599
7808 1599
7809 1599
7810 1600
7811 1600
7812 1601
7813 1602
7814 1602
7815 1602
7816 1603
7817 1604
7818 1604
7819 1604
7820 1604
7821 1604
7822 1605
7823 1605
7824 1605
7825 1605
7826 1605
7827 1605
7828 1606
7829 1606
7830 1607
7831 1607
7832 1607
7833 1607
7834 1608
7835 1608
7836 1608
7837 1608
7838 1608
7839 1609
7840 1609
7841 1610
7842 1611
7843 1611
7844 1612
7845 1613
7846 1613
7847 1613
7848 1613
7849 1614
7850 1614
7851 1614
7852 1614
7853 1614
7854 1615
7855 1616
7856 1616
7857 1616
7858 1617
7859 1617
7860 1617
7861 1617
7862 1618
7863 1619
7864 1619
7865 1619
7866 1619
7867 1619
7868 1619
7869 1620
7870 1620
7871 1620
7872 1620
7873 1620
7874 1621
7875 1621
7876 1621
7877 1622
7878 1623
7879 1624
7880 1624
7881 1625
7882 1625
7883 1625
7884 1625
7885 1625
7886 1625
7887 1626
7888 1626
7889 1626
7890 1626
7891 1626
7892 1626
7893 1626
7894 1626
7895 1626
7896 1626
7897 1627
7898 1628
7899 1629
7900 1629
7901 1629
7902 1630
7903 1631
7904 1631
7905 1631
7906 1631
7907 1631
7908 1632
7909 1632
7910 1632
7911 1633
7912 1634
7913 1634
7914 1634
7915 1634
7916 1635
7917 1635
7918 1636
7919 1637
7920 1637
7921 1638
7922 1638
7923 1638
7924 1638
7925 1638
7926 1638
7927 1638
7928 1638
7929 1639
7930 1639
7931 1639
7932 1639
7933 1639
7934 1639
7935 1639
7936 1639
7937 1640
7938 1640
7939 1640
7940 1640
7941 1640
7942 1640
7943 1640
7944 1640
7945 1640
7946 1640
7947 1640
7948 1641
7949 1642
7950 1643
7951 1643
7952 1644
7953 1644
7954 1645
7955 1646
7956 1646
7957 1646
7958 1646
7959 1646
7960 1646
7961 1647
7962 1647
7963 1648
7964 1648
7965 1648
7966 1648
7967 1648
7968 1648
7969 1649
7970 1649
7971 1649
7972 1650
7973 1650
7974 1650
7975 1650
7976 1650
7977 1650
7978 1650
7979 1650
7980 1650
7981 1650
7982 1651
7983 1652
7984 1653
7985 1654
7986 1655
7987 1655
7988 1655
7989 1655
7990 1655
7991 1655
7992 1655
7993 1655
7994 1656
7995 1657
7996 1658
7997 1658
7998 1658
7999 1658
8000 1658
8001 1658
8002 1659
8003 1660
8004 1661
8005 1661
8006 1662
8007 1662
8008 1662
8009 1662
8010 1662
8011 1662
8012 1662
8013 1663
8014 1663
8015 1663
8016 1663
8017 1663
8018 1663
8019 1664
8020 1664
8021 1664
8022 1665
8023 1665
8024 1665
8025 1665
8026 1665
8027 1665
8028 1666
8029 1666
8030 1666
8031 1667
8032 1667
8033 1667
8034 1667
8035 1667
8036 1668
8037 1668
8038 1668
8039 1669
8040 1669
8041 1669
8042 1669
8043 1670
8044 1671
8045 1671
8046 1672
8047 1672
8048 1672
8049 1672
8050 1672
8051 1672
8052 1672
8053 1672
8054 1672
8055 1673
8056 1674
8057 1674
8058 1675
8059 1675
8060 1676
8061 1676
8062 1676
8063 1676
8064 1677
8065 1677
8066 1677
8067 1677
8068 1677
8069 1677
8070 1677
8071 1677
8072 1677
8073 1677
8074 1677
8075 1678
8076 1678
8077 1679
8078 1679
8079 1679
8080 1679
8081 1679
8082 1680
8083 1680
8084 1680
8085 1681
8086 1682
8087 1683
8088 1684
8089 1684
8090 1684
8091 1684
8092 1684
8093 1685
8094 1686
8095 1686
8096 1687
8097 1688
8098 1688
8099 1688
8100 1688
8101 1688
8102 1689
8103 1690
8104 1690
8105 1690
8106 1690
8107 1690
8108 1690
8109 1691
8110 1691
8111 1691
8112 1691
8113 1691
8114 1691
8115 1692
8116 1693
8117 1693
8118 1693
8119 1694
8120 1694
8121 1694
8122 1694
8123 1694
8124 1694
8125 1694
8126 1694
8127 1694
8128 1695
8129 1695
8130 1695
8131 1695
8132 1695
8133 1695
8134 1695
8135 1695
8136 1695
8137 1695
8138 1696
8139 1696
8140 1696
8141 1696
8142 1696
8143 1696
8144 1697
8145 1698
8146 1698
8147 1698
8148 1698
8149 1698
8150 1698
8151 1699
8152 1699
8153 1699
8154 1699
8155 1699
8156 1699
8157 1699
8158 1699
8159 1699
8160 1699
8161 1699
8162 1699
8163 1699
8164 1700
8165 1700
8166 1700
8167 1701
8168 1701
8169 1701
8170 1701
8171 1701
8172 1701
8173 1701
8174 1701
8175 1701
8176 1701
8177 1701
8178 1701
8179 1701
8180 1702
8181 1702
8182 1702
8183 1702
8184 1703
8185 1704
8186 1704
8187 1705
8188 1705
8189 1706
8190 1706
8191 1706
8192 1706
8193 1706
8194 1706
8195 1706
8196 1707
8197 1707
8198 1708
8199 1708
8200 1708
8201 1709
8202 1710
8203 1711
8204 1711
8205 1711
8206 1711
8207 1711
8208 1711
8209 1711
8210 1711
8211 1711
8212 1712
8213 1712
8214 1713
8215 1713
8216 1714
8217 1715
8218 1716
8219 1716
8220 1716
8221 1716
8222 1717
8223 1717
8224 1717
8225 1718
8226 1718
8227 1718
8228 1718
8229 1718
8230 1718
8231 1718
8232 1719
8233 1719
8234 1719
8235 1719
8236 1720
8237 1720
8238 1720
8239 1720
8240 1720
8241 1721
8242 1721
8243 1721
8244 1721
8245 1721
8246 1722
8247 1722
8248 1723
8249 1723
8250 1724
8251 1724
8252 1724
8253 1724
8254 1724
8255 1724
8256 1724
8257 1724
8258 1724
8259 1724
8260 1724
8261 1724
8262 1724
8263 1724
8264 1724
8265 1724
8266 1724
8267 1724
8268 1725
8269 1725
8270 1726
8271 1727
8272 1727
8273 1727
8274 1727
8275 1727
8276 1728
8277 1728
8278 1728
8279 1728
8280 1728
8281 1729
8282 1729
8283 1729
8284 1729
8285 1729
8286 1729
8287 1729
8288 1729
8289 1729
8290 1729
8291 1729
8292 1729
8293 1729
8294 1729
8295 1729
8296 1729
8297 1729
8298 1730
8299 1731
8300 1731
8301 1731
8302 1731
8303 1731
8304 1731
8305 1731
8306 1731
8307 1732
8308 1732
8309 1732
8310 1732
8311 1732
8312 1733
8313 1733
8314 1733
8315 1734
8316 1734
8317 1734
8318 1734
8319 1734
8320 1734
8321 1734
8322 1734
8323 1734
8324 1734
8325 1734
8326 1734
8327 1734
8328 1735
8329 1735
8330 1735
8331 1735
8332 1735
8333 1735
8334 1735
8335 1735
8336 1735
8337 1735
8338 1735
8339 1735
8340 1735
8341 1735
8342 1735
8343 1736
8344 1736
8345 1737
8346 1737
8347 1738
8348 1738
8349 1739
8350 1739
8351 1739
8352 1739
8353 1739
8354 1739
8355 1739
8356 1740
8357 1741
8358 1741
8359 1741
8360 1741
8361 1741
8362 1741
8363 1741
8364 1741
8365 1741
8366 1741
8367 1742
8368 1742
8369 1742
8370 1742
8371 1742
8372 1742
8373 1742
8374 1742
8375 1742
8376 1742
8377 1742
8378 1742
8379 1743
8380 1743
8381 1744
8382 1744
8383 1744
8384 1744
8385 1745
8386 1745
8387 1745
8388 1745
8389 1746
8390 1746
8391 1746
8392 1746
8393 1746
8394 1746
8395 1746
8396 1746
8397 1747
8398 1748
8399 1749
8400 1750
8401 1750
8402 1751
8403 1751
8404 1751
8405 1751
8406 1751
8407 1751
8408 1751
8409 1751
8410 1751
8411 1751
8412 1751
8413 1751
8414 1752
8415 1752
8416 1752
8417 1752
8418 1752
8419 1752
8420 1752
8421 1752
8422 1752
8423 1752
8424 1753
8425 1754
8426 1754
8427 1754
8428 1755
8429 1755
8430 1755
8431 1755
8432 1755
8433 1755
8434 1755
8435 1755
8436 1756
8437 1756
8438 1757
8439 1757
8440 1757
8441 1757
8442 1757
8443 1757
8444 1757
8445 1757
8446 1757
8447 1757
8448 1758
8449 1758
8450 1758
8451 1758
8452 1758
8453 1758
8454 1758
8455 1758
8456 1758
8457 1758
8458 1758
8459 1759
8460 1760
8461 1760
8462 1760
8463 1760
8464 1761
8465 1761
8466 1761
8467 1762
8468 1762
8469 1762
8470 1763
8471 1763
8472 1763
8473 1763
8474 1763
8475 1764
8476 1765
8477 1766
8478 1766
8479 1766
8480 1766
8481 1766
8482 1766
8483 1767
8484 1767
8485 1768
8486 1769
8487 1769
8488 1770
8489 1770
8490 1770
8491 1770
8492 1771
8493 1771
8494 1772
8495 1772
8496 1773
8497 1774
8498 1774
8499 1774
8500 1774
8501 1774
8502 1774
8503 1774
8504 1775
8505 1776
8506 1777
8507 1777
8508 1778
8509 1779
8510 1779
8511 1779
8512 1779
8513 1780
8514 1780
8515 1780
8516 1781
8517 1781
8518 1781
8519 1782
8520 1782
8521 1782
8522 1782
8523 1782
8524 1782
8525 1782
8526 1782
8527 1782
8528 1783
8529 1784
8530 1785
8531 1786
8532 1786
8533 1786
8534 1787
8535 1787
8536 1787
8537 1787
8538 1787
8539 1787
8540 1788
8541 1788
8542 1788
8543 1788
8544 1789
8545 1789
8546 1789
8547 1789
8548 1790
8549 1791
8550 1791
8551 1791
8552 1791
8553 1792
8554 1792
8555 1792
8556 1793
8557 1794
8558 1794
8559 1794
8560 1794
8561 1794
8562 1795
8563 1795
8564 1795
8565 1795
8566 1795
8567 1795
8568 1795
8569 1795
8570 1796
8571 1796
8572 1796
8573 1797
8574 1798
8575 1799
8576 1799
8577 1799
8578 1799
8579 1799
8580 1800
8581 1801
8582 1801
8583 1801
8584 1801
8585 1802
8586 1802
8587 1802
8588 1802
8589 1803
8590 1803
8591 1803
8592 1803
8593 1804
8594 1804
8595 1804
8596 1804
8597 1804
8598 1804
8599 1804
8600 1805
8601 1805
8602 1806
8603 1807
8604 1807
8605 1807
8606 1807
8607 1808
8608 1808
8609 1808
8610 1809
8611 1810
8612 1810
8613 1810
8614 1811
8615 1811
8616 1811
8617 1812
8618 1812
8619 1813
8620 1813
8621 1813
8622 1813
8623 1813
8624 1813
8625 1813
8626 1813
8627 1813
8628 1814
8629 1814
8630 1814
8631 1814
8632 1814
8633 1814
8634 1814
8635 1815
8636 1815
8637 1815
8638 1815
8639 1816
8640 1817
8641 1818
8642 1818
8643 1818
8644 1818
8645 1819
8646 1819
8647 1819
8648 1819
8649 1820
8650 1820
8651 1821
8652 1822
8653 1822
8654 1823
8655 1823
8656 1823
8657 1823
8658 1823
8659 1823
8660 1823
8661 1823
8662 1823
8663 1824
8664 1824
8665 1824
8666 1824
8667 1825
8668 1825
8669 1825
8670 1825
8671 1825
8672 1826
8673 1826
8674 1827
8675 1828
8676 1829
8677 1830
8678 1831
8679 1831
8680 1832
8681 1832
8682 1832
8683 1832
8684 1832
8685 1832
8686 1832
8687 1833
8688 1833
8689 1833
8690 1833
8691 1834
8692 1834
8693 1834
8694 1834
8695 1834
8696 1834
8697 1834
8698 1834
8699 1834
8700 1834
8701 1834
8702 1834
8703 1834
8704 1834
8705 1835
8706 1835
8707 1835
8708 1836
8709 1836
8710 1837
8711 1837
8712 1837
8713 1837
8714 1837
8715 1837
8716 1837
8717 1837
8718 1837
8719 1837
8720 1837
8721 1837
8722 1837
8723 1838
8724 1838
8725 1839
8726 1839
8727 1840
8728 1840
8729 1840
8730 1840
8731 1840
8732 1841
8733 1842
8734 1843
8735 1843
8736 1843
8737 1843
8738 1843
8739 1844
8740 1844
8741 1844
8742 1844
8743 1845
8744 1845
8745 1845
8746 1845
8747 1846
8748 1846
8749 1847
8750 1847
8751 1847
8752 1847
8753 1847
8754 1847
8755 1848
8756 1848
8757 1848
8758 1848
8759 1848
8760 1848
8761 1848
8762 1849
8763 1849
8764 1850
8765 1851
8766 1851
8767 1851
8768 1852
8769 1853
8770 1853
8771 1854
8772 1855
8773 1855
8774 1855
8775 1855
8776 1855
8777 1855
8778 1855
8779 1855
8780 1855
8781 1855
8782 1855
8783 1855
8784 1855
8785 1855
8786 1855
8787 1855
8788 1855
8789 1855
8790 1855
8791 1856
8792 1856
8793 1856
8794 1857
8795 1857
8796 1857
8797 1858
8798 1858
8799 1858
8800 1858
8801 1858
8802 1859
8803 1859
8804 1859
8805 1859
8806 1859
8807 1859
8808 1859
8809 1860
8810 1861
8811 1861
8812 1861
8813 1861
8814 1861
8815 1861
8816 1861
8817 1861
8818 1862
8819 1862
8820 1862
8821 1862
8822 1862
8823 1862
8824 1863
8825 1863
8826 1864
8827 1864
8828 1864
8829 1865
8830 1866
8831 1867
8832 1867
8833 1867
8834 1867
8835 1867
8836 1867
8837 1867
8838 1867
8839 1867
8840 1868
8841 1869
8842 1869
8843 1869
8844 1870
8845 1870
8846 1870
8847 1871
8848 1871
8849 1871
8850 1871
8851 1871
8852 1871
8853 1872
8854 1873
8855 1873
8856 1873
8857 1874
8858 1874
8859 1874
8860 1874
8861 1874
8862 1874
8863 1874
8864 1874
8865 1874
8866 1874
8867 1874
8868 1874
8869 1874
8870 1874
8871 1875
8872 1875
8873 1876
8874 1876
8875 1877
8876 1877
8877 1877
8878 1877
8879 1877
8880 1877
8881 1878
8882 1878
8883 1878
8884 1878
8885 1879
8886 1880
8887 1880
8888 1880
8889 1880
8890 1880
8891 1880
8892 1880
8893 1880
8894 1880
8895 1880
8896 1880
8897 1880
8898 1880
8899 1880
8900 1880
8901 1881
8902 1881
8903 1881
8904 1881
8905 1881
8906 1882
8907 1883
8908 1883
8909 1883
8910 1883
8911 1884
8912 1885
8913 1886
8914 1886
8915 1887
8916 1887
8917 1888
8918 1888
8919 1888
8920 1888
8921 1889
8922 1890
8923 1891
8924 1891
8925 1891
8926 1891
8927 1892
8928 1892
8929 1893
8930 1893
8931 1893
8932 1893
8933 1893
8934 1893
8935 1894
8936 1894
8937 1894
8938 1894
8939 1894
8940 1894
8941 1894
8942 1895
8943 1895
8944 1896
8945 1897
8946 1897
8947 1897
8948 1897
8949 1898
8950 1898
8951 1898
8952 1899
8953 1900
8954 1900
8955 1901
8956 1901
8957 1901
8958 1901
8959 1901
8960 1901
8961 1901
8962 1902
8963 1903
8964 1903
8965 1903
8966 1903
8967 1903
8968 1903
8969 1903
8970 1903
8971 1904
8972 1905
8973 1905
8974 1905
8975 1905
8976 1906
8977 1907
8978 1907
8979 1907
8980 1907
8981 1907
8982 1907
8983 1907
8984 1907
8985 1908
8986 1908
8987 1908
8988 1909
8989 1909
8990 1909
8991 1909
8992 1909
8993 1910
8994 1910
8995 1910
8996 1910
8997 1910
8998 1910
8999 1910
9000 1910
9001 1911
9002 1911
9003 1911
9004 1911
9005 1911
9006 1912
9007 1912
9008 1913
9009 1913
9010 1913
9011 1913
9012 1913
9013 1913
9014 1913
9015 1913
9016 1914
9017 1914
9018 1914
9019 1915
9020 1915
9021 1915
9022 1916
9023 1917
9024 1917
9025 1918
9026 1918
9027 1918
9028 1918
9029 1919
9030 1919
9031 1920
9032 1920
9033 1920
9034 1921
9035 1921
9036 1921
9037 1922
9038 1922
9039 1923
9040 1924
9041 1924
9042 1924
9043 1924
9044 1925
9045 1925
9046 1925
9047 1925
9048 1925
9049 1925
9050 1926
9051 1926
9052 1927
9053 1927
9054 1927
9055 1928
9056 1928
9057 1928
9058 1929
9059 1929
9060 1930
9061 1930
9062 1930
9063 1930
9064 1930
9065 1930
9066 1930
9067 1931
9068 1931
9069 1931
9070 1931
9071 1931
9072 1932
9073 1933
9074 1934
9075 1934
9076 1934
9077 1935
9078 1935
9079 1935
9080 1935
9081 1936
9082 1937
9083 1937
9084 1938
9085 1938
9086 1938
9087 1938
9088 1939
9089 1939
9090 1939
9091 1939
9092 1939
9093 1940
9094 1940
9095 1940
9096 1940
9097 1940
9098 1940
9099 1940
9100 1941
9101 1942
9102 1942
9103 1942
9104 1942
9105 1942
9106 1942
9107 1942
9108 1943
9109 1943
9110 1943
9111 1943
9112 1943
9113 1943
9114 1943
9115 1943
9116 1943
9117 1943
9118 1943
9119 1943
9120 1943
9121 1943
9122 1944
9123 1944
9124 1945
9125 1945
9126 1945
9127 1946
9128 1946
9129 1946
9130 1946
9131 1946
9132 1946
9133 1946
9134 1946
9135 1946
9136 1946
9137 1946
9138 1947
9139 1947
9140 1947
9141 1948
9142 1949
9143 1949
9144 1950
9145 1950
9146 1950
9147 1950
9148 1951
9149 1952
9150 1952
9151 1952
9152 1952
9153 1952
9154 1952
9155 1953
9156 1953
9157 1953
9158 1954
9159 1954
9160 1954
9161 1954
9162 1955
9163 1955
9164 1955
9165 1955
9166 1955
9167 1955
9168 1955
9169 1955
9170 1955
9171 1955
9172 1955
9173 1955
9174 1956
9175 1956
9176 1957
9177 1957
9178 1957
9179 1957
9180 1957
9181 1957
9182 1957
9183 1957
9184 1957
9185 1957
9186 1958
9187 1958
9188 1959
9189 1960
9190 1960
9191 1960
9192 1960
9193 1960
9194 1960
9195 1961
9196 1961
9197 1961
9198 1961
9199 1961
9200 1961
9201 1961
9202 1961
9203 1961
9204 1961
9205 1961
9206 1961
9207 1962
9208 1962
9209 1962
9210 1962
9211 1962
9212 1962
9213 1962
9214 1963
9215 1963
9216 1964
9217 1964
9218 1964
9219 1964
9220 1964
9221 1964
9222 1964
9223 1964
9224 1964
9225 1965
9226 1966
9227 1966
9228 1967
9229 1968
9230 1968
9231 1968
9232 1969
9233 1969
9234 1970
9235 1970
9236 1970
9237 1971
9238 1971
9239 1971
9240 1971
9241 1972
9242 1973
9243 1973
9244 1973
9245 1973
9246 1973
9247 1973
9248 1974
9249 1974
9250 1974
9251 1975
9252 1975
9253 1975
9254 1975
9255 1976
9256 1976
9257 1976
9258 1976
9259 1977
9260 1977
9261 1978
9262 1978
9263 1978
9264 1978
9265 1979
9266 1980
9267 1980
9268 1981
9269 1981
9270 1981
9271 1981
9272 1981
9273 1982
9274 1982
9275 1982
9276 1982
9277 1982
9278 1982
9279 1983
9280 1983
9281 1983
9282 1984
9283 1984
9284 1984
9285 1985
9286 1985
9287 1985
9288 1985
9289 1985
9290 1985
9291 1985
9292 1986
9293 1986
9294 1987
9295 1987
9296 1987
9297 1987
9298 1987
9299 1988
9300 1988
9301 1988
9302 1989
9303 1990
9304 1990
9305 1991
9306 1991
9307 1991
9308 1991
9309 1991
9310 1991
9311 1992
9312 1992
9313 1992
9314 1992
9315 1993
9316 1993
9317 1994
9318 1995
9319 1995
9320 1995
9321 1995
9322 1995
9323 1995
9324 1996
9325 1997
9326 1998
9327 1999
9328 1999
9329 2000
9330 2000
9331 2000
9332 2000
9333 2000
9334 2000
9335 2000
9336 2001
9337 2001
9338 2001
9339 2001
9340 2002
9341 2002
9342 2002
9343 2003
9344 2003
9345 2003
9346 2003
9347 2003
9348 2003
9349 2003
9350 2003
9351 2003
9352 2003
9353 2004
9354 2004
9355 2004
9356 2005
9357 2005
9358 2005
9359 2005
9360 2005
9361 2005
9362 2005
9363 2006
9364 2007
9365 2007
9366 2007
9367 2007
9368 2007
9369 2007
9370 2007
9371 2008
9372 2009
9373 2009
9374 2009
9375 2009
9376 2010
9377 2010
9378 2010
9379 2010
9380 2010
9381 2010
9382 2011
9383 2011
9384 2011
9385 2012
9386 2013
9387 2014
9388 2014
9389 2014
9390 2014
9391 2015
9392 2016
9393 2016
9394 2016
9395 2017
9396 2017
9397 2017
9398 2017
9399 2017
9400 2017
9401 2017
9402 2017
9403 2017
9404 2018
9405 2018
9406 2018
9407 2019
9408 2019
9409 2019
9410 2019
9411 2020
9412 2020
9413 2020
9414 2021
9415 2021
9416 2022
9417 2022
9418 2022
9419 2022
9420 2023
9421 2024
9422 2024
9423 2025
9424 2025
9425 2026
9426 2026
9427 2026
9428 2026
9429 2027
9430 2027
9431 2028
9432 2028
9433 2029
9434 2029
9435 2029
9436 2029
9437 2029
9438 2030
9439 2031
9440 2031
9441 2032
9442 2032
9443 2032
9444 2032
9445 2032
9446 2033
9447 2034
9448 2034
9449 2035
9450 2035
9451 2035
9452 2035
9453 2036
9454 2037
9455 2038
9456 2038
9457 2039
9458 2039
9459 2039
9460 2039
9461 2040
9462 2040
9463 2040
9464 2040
9465 2040
9466 2040
9467 2041
9468 2041
9469 2041
9470 2041
9471 2041
9472 2042
9473 2042
9474 2042
9475 2043
9476 2044
9477 2044
9478 2044
9479 2044
9480 2044
9481 2044
9482 2044
9483 2044
9484 2045
9485 2045
9486 2045
9487 2045
9488 2045
9489 2045
9490 2045
9491 2046
9492 2046
9493 2046
9494 2047
9495 2047
9496 2048
9497 2048
9498 2048
9499 2048
9500 2048
9501 2048
9502 2048
9503 2048
9504 2049
9505 2049
9506 2049
9507 2049
9508 2049
9509 2050
9510 2051
9511 2051
9512 2051
9513 2051
9514 2051
9515 2051
9516 2051
9517 2051
9518 2052
9519 2052
9520 2052
9521 2052
9522 2052
9523 2052
9524 2052
9525 2053
9526 2053
9527 2053
9528 2054
9529 2054
9530 2054
9531 2054
9532 2055
9533 2055
9534 2055
9535 2056
9536 2056
9537 2057
9538 2057
9539 2058
9540 2058
9541 2058
9542 2058
9543 2059
9544 2059
9545 2059
9546 2059
9547 2059
9548 2059
9549 2059
9550 2060
9551 2060
9552 2061
9553 2061
9554 2061
9555 2061
9556 2061
9557 2062
9558 2063
9559 2064
9560 2064
9561 2064
9562 2064
9563 2064
9564 2064
9565 2065
9566 2066
9567 2066
9568 2066
9569 2066
9570 2067
9571 2067
9572 2068
9573 2068
9574 2068
9575 2068
9576 2069
9577 2069
9578 2070
9579 2070
9580 2070
9581 2070
9582 2070
9583 2070
9584 2070
9585 2070
9586 2070
9587 2070
9588 2070
9589 2070
9590 2070
9591 2070
9592 2070
9593 2070
9594 2070
9595 2070
9596 2070
9597 2070
9598 2070
9599 2070
9600 2070
9601 2070
9602 2070
9603 2070
9604 2070
9605 2070
9606 2070
9607 2071
9608 2071
9609 2071
9610 2071
9611 2071
9612 2072
9613 2073
9614 2073
9615 2074
9616 2074
9617 2074
9618 2074
9619 2074
9620 2074
9621 2074
9622 2074
9623 2075
9624 2076
9625 2076
9626 2076
9627 2076
9628 2076
9629 2076
9630 2077
9631 2077
9632 2077
9633 2078
9634 2078
9635 2079
9636 2080
9637 2081
9638 2082
9639 2083
9640 2083
9641 2083
9642 2083
9643 2084
9644 2084
9645 2085
9646 2085
9647 2085
9648 2086
9649 2086
9650 2086
9651 2086
9652 2086
9653 2087
9654 2087
9655 2087
9656 2087
9657 2087
9658 2088
9659 2088
9660 2089
9661 2089
9662 2090
9663 2091
9664 2091
9665 2092
9666 2092
9667 2092
9668 2092
9669 2092
9670 2092
9671 2092
9672 2092
9673 2092
9674 2092
9675 2093
9676 2093
9677 2093
9678 2094
9679 2094
9680 2094
9681 2095
9682 2095
9683 2095
9684 2095
9685 2095
9686 2095
9687 2095
9688 2095
9689 2095
9690 2095
9691 2095
9692 2095
9693 2095
9694 2095
9695 2095
9696 2095
9697 2095
9698 2096
9699 2096
9700 2096
9701 2097
9702 2098
9703 2098
9704 2098
9705 2098
9706 2098
9707 2098
9708 2098
9709 2099
9710 2099
9711 2099
9712 2099
9713 2099
9714 2099
9715 2099
9716 2099
9717 2099
9718 2100
9719 2100
9720 2101
9721 2101
9722 2101
9723 2101
9724 2101
9725 2101
9726 2101
9727 2101
9728 2101
9729 2102
9730 2103
9731 2103
9732 2103
9733 2103
9734 2104
9735 2104
9736 2104
9737 2104
9738 2104
9739 2104
9740 2104
9741 2104
9742 2104
9743 2104
9744 2104
9745 2105
9746 2105
9747 2105
9748 2105
9749 2105
9750 2105
9751 2106
9752 2106
9753 2106
9754 2107
9755 2108
9756 2108
9757 2109
9758 2109
9759 2109
9760 2109
9761 2109
9762 2110
9763 2110
9764 2110
9765 2110
9766 2110
9767 2110
9768 2110
9769 2110
9770 2110
9771 2110
9772 2110
9773 2110
9774 2111
9775 2111
9776 2111
9777 2111
9778 2111
9779 2111
9780 2111
9781 2111
9782 2112
9783 2112
9784 2112
9785 2112
9786 2112
9787 2112
9788 2112
9789 2112
9790 2113
9791 2113
9792 2113
9793 2113
9794 2113
9795 2114
9796 2115
9797 2116
9798 2116
9799 2116
9800 2116
9801 2116
9802 2117
9803 2117
9804 2118
9805 2118
9806 2118
9807 2118
9808 2118
9809 2118
9810 2118
9811 2118
9812 2118
9813 2118
9814 2118
9815 2118
9816 2118
9817 2118
9818 2118
9819 2118
9820 2119
9821 2119
9822 2120
9823 2121
9824 2121
9825 2121
9826 2121
9827 2122
9828 2123
9829 2123
9830 2124
9831 2124
9832 2124
9833 2124
9834 2124
9835 2125
9836 2126
9837 2127
9838 2127
9839 2128
9840 2128
9841 2128
9842 2129
9843 2129
9844 2129
9845 2129
9846 2129
9847 2129
9848 2129
9849 2129
9850 2130
9851 2130
9852 2131
9853 2132
9854 2132
9855 2133
9856 2134
9857 2134
9858 2134
9859 2134
9860 2135
9861 2135
9862 2136
9863 2137
9864 2138
9865 2138
9866 2138
9867 2138
9868 2138
9869 2138
9870 2139
9871 2139
9872 2139
9873 2139
9874 2140
9875 2140
9876 2140
9877 2140
9878 2140
9879 2140
9880 2140
9881 2140
9882 2141
9883 2142
9884 2142
9885 2142
9886 2142
9887 2143
9888 2143
9889 2144
9890 2144
9891 2144
9892 2144
9893 2144
9894 2145
9895 2145
9896 2145
9897 2145
9898 2146
9899 2146
9900 2146
9901 2147
9902 2148
9903 2148
9904 2148
9905 2148
9906 2149
9907 2149
9908 2149
9909 2149
9910 2149
9911 2150
9912 2150
9913 2150
9914 2150
9915 2150
9916 2151
9917 2151
9918 2151
9919 2151
9920 2151
9921 2152
9922 2152
9923 2152
9924 2152
9925 2153
9926 2153
9927 2154
9928 2155
9929 2155
9930 2155
9931 2156
9932 2156
9933 2156
9934 2156
9935 2156
9936 2156
9937 2157
9938 2157
9939 2158
9940 2158
9941 2159
9942 2159
9943 2159
9944 2159
9945 2159
9946 2159
9947 2160
9948 2160
9949 2160
9950 2160
9951 2161
9952 2161
9953 2161
9954 2161
9955 2162
9956 2163
9957 2163
9958 2163
9959 2164
9960 2164
9961 2164
9962 2164
9963 2164
9964 2164
9965 2165
9966 2165
9967 2165
9968 2165
9969 2165
9970 2166
9971 2166
9972 2166
9973 2166
9974 2167
9975 2167
9976 2168
9977 2169
9978 2170
9979 2171
9980 2171
9981 2171
9982 2171
9983 2171
9984 2172
9985 2173
9986 2173
9987 2174
9988 2175
9989 2176
9990 2176
9991 2176
9992 2177
9993 2177
9994 2178
9995 2178
9996 2178
9997 2178
9998 2178
9999 2178
10000 2178
